2152
0.800876 1.16258
0.553825 0.423825 0
0.816792 1.1446
0.485647 0.355647 0
0.812891 1.17335
0.667818 0.537818 0
0.802867 1.14612
0.64366 0.51366 0
0.81769 1.12054
0.783325 0.653325 0
0.832401 1.1607
0.660298 0.530298 0
0.842364 1.1418
0.449049 0.319049 0
0.834134 1.11405
0.500821 0.370821 0
0.850024 1.11885
0.460012 0.330012 0
0.868788 1.1409
0.533341 0.403341 0
0.81592 1.10616
0.577593 0.447593 0
0.876043 1.10208
0.701083 0.571083 0
0.852745 1.09984
0.614826 0.484826 0
0.830063 1.131
0.662227 0.532227 0
0.861275 1.16464
0.630537 0.500537 0
0.831508 1.09396
0.564959 0.434959 0
0.849396 1.17967
0.530973 0.400973 0
0.83558 1.18197
0.463076 0.333076 0
0.880649 1.14987
0.761986 0.631986 0
0.870321 1.20003
0.622431 0.492431 0
0.82993 1.20346
0.64134 0.51134 0
0.852878 1.20076
0.76881 0.63881 0
0.819484 1.08616
0.678951 0.548951 0
0.815067 1.19842
0.535514 0.405514 0
0.809656 1.2303
0.610846 0.480846 0
0.828643 1.05928
0.431617 0.301617 0
0.806219 1.0732
0.483547 0.353547 0
0.839223 1.08085
0.62154 0.49154 0
0.80213 1.09505
0.616669 0.486669 0
0.882634 1.13302
0.532707 0.402707 0
0.805359 1.21586
0.694137 0.564137 0
0.820202 1.21492
0.639656 0.509656 0
0.835774 1.21644
0.43849 0.30849 0
0.816498 1.15866
0.761376 0.631376 0
0.907601 1.13543
0.557854 0.427854 0
0.880222 1.11919
0.503299 0.373299 0
0.901455 1.11414
0.771422 0.641422 0
0.893724 1.0962
0.726182 0.596182 0
0.863103 1.08149
0.767138 0.637138 0
0.892858 1.08145
0.580731 0.450731 0
0.862542 1.06315
0.574126 0.444126 0
0.802251 1.19264
0.760741 0.630741 0
0.932018 1.11089
0.492496 0.362496 0
0.898803 1.15124
0.646492 0.516492 0
0.93101 1.15122
0.464553 0.334553 0
0.913468 1.15035
0.586358 0.456358 0
0.843357 1.06213
0.444337 0.314337 0
0.879037 1.0757
0.746129 0.616129 0
0.896983 1.16734
0.775878 0.645878 0
0.922341 1.12954
0.794433 0.664433 0
0.850153 1.22339
0.676156 0.546156 0
0.927269 1.09741
0.636604 0.506604 0
0.905074 1.05667
0.684994 0.554994 0
0.93885 1.07553
0.710605 0.580605 0
0.945428 1.11686
0.44153 0.31153 0
0.944664 1.09982
0.665108 0.535108 0
0.835342 1.24705
0.626325 0.496325 0
0.806383 1.24752
0.403748 0.273748 0
0.810611 1.04229
0.417713 0.287713 0
0.844591 1.04129
0.748595 0.618595 0
0.882576 1.17462
0.403125 0.273125 0
0.915304 1.16659
0.401758 0.271758 0
0.825663 1.0355
0.607941 0.477941 0
0.82542 1.23482
0.716562 0.586562 0
0.832281 1.26344
0.40907 0.27907 0
0.802908 1.26641
0.476955 0.346955 0
0.804435 1.05837
0.635261 0.505261 0
0.88 1.06014
0.679733 0.549733 0
0.880866 1.04359
0.772411 0.642411 0
0.850056 1.25412
0.663546 0.533546 0
0.949867 1.14064
0.540263 0.410263 0
0.931208 1.16641
0.686874 0.556874 0
0.942834 1.17444
0.635322 0.505322 0
0.908668 1.18901
0.669539 0.539539 0
0.955336 1.18571
0.795178 0.665178 0
0.956625 1.16439
0.732456 0.602456 0
0.927276 1.2012
0.780932 0.650932 0
0.857736 1.23624
0.445778 0.315778 0
0.872551 1.27516
0.446828 0.316828 0
0.838243 1.27983
0.777685 0.647685 0
0.896924 1.04219
0.620417 0.490417 0
0.918946 1.07534
0.474477 0.344477 0
0.958161 1.09557
0.501187 0.371187 0
0.930485 1.06056
0.647114 0.517114 0
0.958665 1.06807
0.752916 0.622916 0
0.88701 1.25016
0.53975 0.40975 0
0.860492 1.2659
0.66158 0.53158 0
0.88843 1.27954
0.663753 0.533753 0
0.913402 1.10391
0.510404 0.380404 0
0.915153 1.03138
0.742711 0.612711 0
0.884341 1.02186
0.533464 0.403464 0
0.871215 1.00105
0.484793 0.354793 0
0.899195 1.0082
0.500394 0.370394 0
0.821311 1.25082
0.723545 0.593545 0
0.962691 1.05408
0.608124 0.478124 0
0.821684 1.07199
0.600726 0.470726 0
0.968991 1.12572
0.758654 0.628654 0
0.877312 1.22087
0.453249 0.323249 0
0.86107 1.1888
0.537626 0.407626 0
0.853525 1.28007
0.760179 0.630179 0
0.822829 1.28193
0.524662 0.394662 0
0.889941 1.23641
0.557268 0.427268 0
0.89886 1.20136
0.413868 0.283868 0
0.866314 1.2481
0.583013 0.453013 0
0.913538 1.26206
0.65229 0.52229 0
0.904052 1.23297
0.733677 0.603677 0
0.862564 1.04753
0.56386 0.43386 0
0.894183 1.06552
0.624311 0.494311 0
0.882913 1.19303
0.667916 0.537916 0
0.930408 1.18669
0.628474 0.498474 0
0.919432 1.22801
0.774035 0.644035 0
0.951535 1.22593
0.751512 0.621512 0
0.91099 1.21247
0.688913 0.558913 0
0.975977 1.15468
0.530314 0.400314 0
0.966248 1.1087
0.455922 0.325922 0
0.896988 1.21579
0.497415 0.367415 0
0.904814 1.251
0.614728 0.484728 0
0.879933 0.98091
0.647383 0.517383 0
0.858129 0.984242
0.665719 0.535719 0
0.894697 0.987653
0.65146 0.52146 0
0.911868 1.2925
0.403052 0.273052 0
0.903212 1.30542
0.728648 0.598648 0
0.863427 1.29108
0.690268 0.560268 0
0.878363 0.964309
0.751744 0.621744 0
0.857657 0.958438
0.643733 0.513733 0
0.904987 0.958895
0.792273 0.662273 0
0.990934 1.11239
0.511966 0.381966 0
0.975987 1.097
0.540312 0.410312 0
0.968089 1.08397
0.442775 0.312775 0
0.99249 1.12678
0.723533 0.593533 0
0.983825 1.08063
0.665072 0.535072 0
0.99052 1.09631
0.444325 0.314325 0
0.97284 1.19275
0.629072 0.499072 0
0.946363 1.19663
0.704709 0.574709 0
1.01105 1.11214
0.795849 0.665849 0
1.00974 1.09552
0.745433 0.615433 0
0.939063 1.0101
0.496219 0.366219 0
0.928014 1.04378
0.639583 0.509583 0
0.937391 1.23797
0.439271 0.309271 0
0.938327 1.26704
0.499869 0.369869 0
0.870384 1.03243
0.492032 0.362032 0
0.83982 1.02792
0.534916 0.404916 0
0.812059 1.02687
0.524479 0.394479 0
0.80976 1.00772
0.671993 0.541993 0
0.854309 1.01946
0.668197 0.538197 0
0.839107 1.01021
0.401477 0.271477 0
0.846275 0.968502
0.721714 0.591714 0
0.846898 0.996642
0.543474 0.413474 0
1.00039 1.17217
0.502567 0.372567 0
0.949986 1.24529
0.437098 0.307098 0
0.951605 1.27523
0.743138 0.613138 0
0.930151 1.29436
0.660775 0.530775 0
0.854349 1.30927
0.706699 0.576699 0
0.877554 1.29791
0.45425 0.32425 0
1.01401 1.13008
0.710105 0.580105 0
0.937214 1.22139
0.583502 0.453502 0
0.968407 1.21808
0.630891 0.500891 0
1.03299 1.09984
0.514689 0.384689 0
1.00947 1.07755
0.699277 0.569277 0
1.04333 1.11311
0.695944 0.565944 0
1.05752 1.12351
0.679525 0.549525 0
1.05258 1.091
0.533586 0.403586 0
0.817977 0.994607
0.580169 0.450169 0
0.869876 1.01832
0.744407 0.614407 0
0.96911 1.23983
0.549004 0.419004 0
0.967303 1.26549
0.415723 0.285723 0
1.02911 1.11554
0.656612 0.526612 0
1.03733 1.12725
0.762889 0.632889 0
0.924033 0.997179
0.700803 0.570803 0
0.96037 1.02443
0.486184 0.356184 0
0.939295 0.983894
0.624641 0.494641 0
0.98913 1.23702
0.649483 0.519483 0
0.982376 1.26234
0.682284 0.552284 0
1.0599 1.10946
0.57813 0.44813 0
0.897855 0.945497
0.559209 0.429209 0
0.873492 0.941347
0.456044 0.326044 0
0.991469 1.22009
0.507559 0.377559 0
0.985137 1.20172
0.740037 0.610037 0
0.972237 1.27872
0.64239 0.51239 0
0.889867 0.928809
0.453737 0.323737 0
0.920626 0.927466
0.711057 0.581057 0
0.898555 0.971684
0.725022 0.595022 0
0.919178 1.32137
0.545476 0.415476 0
0.889338 1.31762
0.636702 0.506702 0
0.980665 1.04708
0.48627 0.35627 0
0.974657 1.0206
0.424696 0.294696 0
0.986801 1.16592
0.777441 0.647441 0
0.946738 1.31578
0.72667 0.59667 0
0.915071 1.27822
0.722117 0.592117 0
0.919788 1.30666
0.410047 0.280047 0
0.95392 0.995241
0.512308 0.382308 0
0.916438 1.01262
0.74077 0.61077 0
0.874049 1.32695
0.549467 0.419467 0
0.834798 1.32429
0.741758 0.611758 0
0.859956 1.33421
0.608026 0.478026 0
0.836076 1.29379
0.785107 0.655107 0
0.98175 1.1417
0.610334 0.480334 0
1.00918 1.15029
0.412683 0.282683 0
1.02727 1.16647
0.729087 0.599087 0
1.01026 1.20454
0.536662 0.406662 0
1.02433 1.14391
0.462233 0.332233 0
0.993701 1.14918
0.784912 0.654912 0
0.833966 1.34902
0.485684 0.355684 0
0.814808 1.30409
0.675973 0.545973 0
0.835004 0.984347
0.53018 0.40018 0
0.935865 0.920102
0.583563 0.453563 0
0.931995 0.948561
0.701755 0.571755 0
0.934772 0.904747
0.733067 0.603067 0
1.00509 1.18741
0.418824 0.288824 0
1.04367 1.16717
0.610492 0.480492 0
0.971661 1.17788
0.724326 0.594326 0
0.943388 1.15778
0.409168 0.279168 0
0.960152 1.00979
0.797339 0.667339 0
0.943586 1.03669
0.53975 0.40975 0
0.82544 0.970518
0.686923 0.556923 0
0.835765 0.945278
0.436756 0.306756 0
1.05212 1.14343
0.669234 0.539234 0
1.03081 1.18835
0.757689 0.627689 0
1.05233 1.18475
0.639253 0.509253 0
0.851096 0.933673
0.440321 0.310321 0
0.867082 0.922101
0.440175 0.310175 0
0.87549 0.902178
0.410071 0.280071 0
0.854842 0.907226
0.655867 0.525867 0
0.985883 1.18575
0.660445 0.530445 0
0.860634 1.35127
0.59566 0.46566 0
0.844815 1.35922
0.618793 0.488793 0
0.97335 0.998701
0.636238 0.506238 0
0.9836 1.00877
0.603632 0.473632 0
0.964683 1.03998
0.40144 0.27144 0
0.986124 1.06611
0.430457 0.300457 0
0.957888 0.903378
0.708664 0.578664 0
0.93091 0.881417
0.680514 0.550514 0
0.915482 0.884328
0.439198 0.309198 0
0.951573 0.91661
0.45967 0.32967 0
0.998876 1.28119
0.550627 0.420627 0
1.00388 1.04105
0.694687 0.564687 0
1.00534 1.02611
0.589715 0.459715 0
0.903743 0.926195
0.589239 0.459239 0
0.915941 0.943942
0.538151 0.408151 0
1.03046 1.22436
0.444923 0.314923 0
1.0246 1.02229
0.476333 0.346333 0
1.01648 1.04946
0.68995 0.55995 0
0.999502 1.06066
0.636348 0.506348 0
0.82421 1.00817
0.703232 0.573232 0
0.958785 0.960573
0.781017 0.651017 0
1.01265 1.24115
0.72241 0.59241 0
0.886398 1.34712
0.744115 0.614115 0
0.922517 0.968023
0.630976 0.500976 0
0.951614 1.29857
0.445497 0.315497 0
0.989265 1.29674
0.783349 0.653349 0
0.835383 1.37791
0.404993 0.274993 0
1.04656 1.21384
0.696042 0.566042 0
1.03539 1.24668
0.570318 0.440318 0
0.975233 0.982543
0.659004 0.529004 0
0.943623 0.964087
0.797241 0.667241 0
0.978554 0.935512
0.753099 0.623099 0
0.875159 1.35642
0.42367 0.29367 0
0.966999 0.891816
0.64803 0.51803 0
0.894845 0.904366
0.514908 0.384908 0
0.92105 0.910383
0.749705 0.619705 0
1.06972 1.18754
0.773229 0.643229 0
1.04312 1.19879
0.416407 0.286407 0
1.07126 1.20255
0.453249 0.323249 0
1.0252 1.20606
0.520719 0.390719 0
0.902164 1.27267
0.752904 0.622904 0
0.890607 1.26388
0.446913 0.316913 0
0.948283 0.942385
0.510184 0.380184 0
0.977893 0.953302
0.533427 0.403427 0
1.06628 1.08587
0.677413 0.547413 0
1.07733 1.09602
0.445619 0.315619 0
1.07432 1.24039
0.616926 0.486926 0
1.0987 1.10132
0.446034 0.316034 0
1.09324 1.07263
0.616889 0.486889 0
1.08594 1.10804
0.467922 0.337922 0
1.09797 1.11675
0.409815 0.279815 0
1.10301 1.13373
0.541862 0.411862 0
1.11157 1.10806
0.744237 0.614237 0
0.990082 1.02792
0.726609 0.596609 0
1.02903 1.00526
0.456203 0.326203 0
0.804022 0.972917
0.501859 0.371859 0
0.97186 1.29488
0.467544 0.337544 0
1.00026 0.973265
0.64438 0.51438 0
0.989305 0.962979
0.546672 0.416672 0
0.99635 0.947047
0.577911 0.447911 0
0.963933 0.938519
0.760302 0.630302 0
0.817947 1.2652
0.713584 0.583584 0
0.819871 1.33544
0.766198 0.636198 0
0.813895 1.32138
0.429383 0.299383 0
0.955949 0.881319
0.701584 0.571584 0
1.06859 1.06592
0.52526 0.39526 0
1.03642 1.15214
0.45663 0.32663 0
1.08238 1.12178
0.685531 0.555531 0
0.818989 0.943322
0.639045 0.509045 0
0.859954 1.36673
0.530387 0.400387 0
0.889095 1.37912
0.783276 0.653276 0
1.04538 0.989092
0.496036 0.366036 0
1.0434 1.02539
0.587017 0.457017 0
1.02654 0.989479
0.495535 0.365535 0
0.897763 0.87751
0.417591 0.287591 0
0.868124 0.879965
0.53256 0.40256 0
1.01362 0.983163
0.67225 0.54225 0
1.01211 0.943638
0.615705 0.485705 0
0.890378 1.36096
0.449135 0.319135 0
0.909162 1.35379
0.703293 0.573293 0
0.874394 1.40092
0.63979 0.50979 0
0.903964 1.3796
0.64648 0.51648 0
0.870264 1.3116
0.438575 0.308575 0
1.06513 1.21853
0.443532 0.313532 0
1.09333 1.22424
0.431605 0.301605 0
1.05354 1.2359
0.618451 0.488451 0
1.08986 1.24212
0.52487 0.39487 0
1.08691 1.25918
0.444435 0.314435 0
1.06619 1.25425
0.450282 0.320282 0
0.997544 1.00406
0.495962 0.365962 0
0.990042 0.991631
0.698752 0.568752 0
0.824448 1.39718
0.482498 0.352498 0
0.859284 1.40314
0.720371 0.590371 0
0.841827 1.39308
0.743052 0.613052 0
0.812997 1.38568
0.555022 0.425022 0
0.946251 1.02275
0.612445 0.482445 0
0.932127 1.02468
0.759948 0.629948 0
1.11488 1.24141
0.7588 0.6288 0
1.11654 1.19879
0.636506 0.506506 0
0.840118 1.30906
0.785803 0.655803 0
1.13923 1.23032
0.574786 0.444786 0
1.13408 1.26407
0.744761 0.614761 0
1.12748 1.22042
0.681637 0.551637 0
0.962364 1.20234
0.557756 0.427756 0
1.04255 1.05511
0.58775 0.45775 0
1.02691 1.05927
0.767003 0.637003 0
1.1072 1.25993
0.688571 0.558571 0
1.05406 1.06923
0.744896 0.614896 0
1.03812 1.07654
0.515726 0.385726 0
0.85484 1.41764
0.574981 0.444981 0
0.898566 1.42501
0.508292 0.378292 0
1.03035 0.973184
0.696078 0.566078 0
1.01098 0.961684
0.606867 0.476867 0
0.921345 1.38007
0.740184 0.610184 0
1.06018 1.17034
0.678976 0.548976 0
1.08275 1.17845
0.639216 0.509216 0
1.06031 1.15528
0.450295 0.320295 0
1.08505 1.15001
0.676571 0.546571 0
0.916149 1.33673
0.614277 0.484277 0
0.939671 1.34089
0.766234 0.636234 0
0.924648 1.24821
0.771178 0.641178 0
0.923282 0.895969
0.505765 0.375765 0
0.836228 1.42734
0.458168 0.328168 0
0.884665 1.43019
0.518912 0.388912 0
0.869075 1.38531
0.623286 0.493286 0
0.941502 0.862397
0.729148 0.599148 0
0.914202 0.86816
0.718528 0.588528 0
1.06406 1.03419
0.537931 0.407931 0
1.05155 1.00341
0.591815 0.461815 0
0.872689 1.34172
0.669417 0.539417 0
0.889761 1.40885
0.792138 0.662138 0
1.08446 1.19767
0.73773 0.60773 0
1.08891 1.16406
0.418812 0.288812 0
0.910335 1.45626
0.444398 0.314398 0
0.871841 1.44208
0.493728 0.363728 0
0.989021 0.883666
0.569634 0.439634 0
0.977584 0.90794
0.463771 0.333771 0
1.10027 1.17251
0.6352 0.5052 0
1.1095 1.15438
0.501321 0.371321 0
1.09932 1.19725
0.535771 0.405771 0
0.88367 1.45339
0.611884 0.481884 0
0.860414 1.45442
0.411438 0.281438 0
0.909638 1.4147
0.630451 0.500451 0
0.955503 0.975755
0.616291 0.486291 0
1.0314 0.940807
0.442433 0.312433 0
1.02535 0.959143
0.676046 0.546046 0
0.802619 1.37538
0.649849 0.519849 0
0.819553 1.41452
0.672335 0.542335 0
1.11926 1.28629
0.669906 0.539906 0
0.831934 1.44192
0.592059 0.462059 0
0.834273 1.41057
0.551067 0.421067 0
0.964242 0.862383
0.487246 0.357246 0
0.950534 0.838853
0.470144 0.340144 0
0.918221 0.842411
0.453969 0.323969 0
0.829606 0.931658
0.584442 0.454442 0
0.843229 0.886152
0.508707 0.378707 0
0.897126 1.39658
0.704306 0.574306 0
0.94247 1.38185
0.466079 0.336079 0
0.943063 1.3635
0.773974 0.643974 0
1.01241 0.908962
0.553984 0.423984 0
0.99938 0.868156
0.452785 0.322785 0
0.994955 0.904225
0.790429 0.660429 0
0.946856 1.05255
0.623603 0.493603 0
1.11728 1.17885
0.741038 0.611038 0
1.11168 1.21474
0.472024 0.342024 0
1.0208 1.26357
0.426649 0.296649 0
1.01327 1.22477
0.727512 0.597512 0
1.00131 0.931453
0.707932 0.577932 0
0.962146 1.31424
0.586297 0.456297 0
0.965072 0.841739
0.686581 0.556581 0
0.982758 1.33703
0.5966 0.4666 0
0.996404 1.35573
0.583013 0.453013 0
0.961721 1.35397
0.627204 0.497204 0
0.996648 1.325
0.425562 0.295562 0
0.961301 1.33128
0.414124 0.284124 0
1.0496 0.974488
0.56834 0.43834 0
1.06971 1.00854
0.733323 0.603323 0
1.06499 0.989976
0.793664 0.663664 0
0.85432 1.43705
0.632563 0.502563 0
1.04336 0.958161
0.598859 0.468859 0
0.815184 0.921758
0.622565 0.492565 0
0.854171 1.38163
0.668551 0.538551 0
0.836823 0.904118
0.724424 0.594424 0
1.1229 1.1405
0.540031 0.410031 0
1.12292 1.16125
0.449648 0.319648 0
1.13372 1.181
0.533256 0.403256 0
1.14911 1.1355
0.59953 0.46953 0
0.944631 0.893608
0.785998 0.655998 0
1.06792 1.13406
0.461159 0.331159 0
1.14304 1.15133
0.760643 0.630643 0
1.16619 1.17407
0.401135 0.271135 0
1.16509 1.13337
0.521232 0.391232 0
1.15166 1.17386
0.460903 0.330903 0
0.911491 1.39572
0.467629 0.337629 0
0.926607 1.36093
0.593524 0.463524 0
0.815924 1.36352
0.707907 0.577907 0
0.802427 0.943681
0.6978 0.5678 0
1.05668 0.934181
0.501407 0.371407 0
1.01604 0.88053
0.453334 0.323334 0
1.02067 0.926955
0.661434 0.531434 0
1.022 1.32689
0.789013 0.659013 0
0.902708 0.891117
0.720054 0.590054 0
0.847852 1.34507
0.477602 0.347602 0
0.927325 0.85664
0.476968 0.346968 0
0.895236 0.863138
0.690683 0.560683 0
0.800717 1.29064
0.730345 0.600345 0
0.934274 1.40319
0.420362 0.290362 0
0.816567 0.887321
0.569097 0.439097 0
0.863781 0.89425
0.728819 0.598819 0
1.00546 1.29685
0.645039 0.515039 0
1.02637 1.29892
0.470949 0.340949 0
1.01614 1.28229
0.587262 0.457262 0
0.830877 0.862095
0.702915 0.572915 0
1.06059 0.959519
0.62215 0.49215 0
0.986619 0.828073
0.485965 0.355965 0
0.972858 0.816748
0.569573 0.439573 0
0.957796 0.823559
0.674618 0.544618 0
0.939383 0.797191
0.548784 0.418784 0
0.943265 0.826148
0.78789 0.65789 0
0.936073 0.845275
0.597333 0.467333 0
0.998609 1.25821
0.654134 0.524134 0
1.13362 1.20639
0.632026 0.502026 0
1.15748 1.19222
0.642341 0.512341 0
1.18632 1.17319
0.612848 0.482848 0
0.800503 0.926265
0.596747 0.466747 0
0.980631 0.845697
0.659346 0.529346 0
0.978989 0.860479
0.726975 0.596975 0
0.984443 0.797809
0.66307 0.53307 0
1.13534 1.29827
0.722007 0.592007 0
1.1074 1.2954
0.691 0.561 0
1.0324 1.04339
0.504154 0.374154 0
1.15393 1.21846
0.431397 0.301397 0
0.807298 0.873078
0.768102 0.638102 0
0.856013 0.8539
0.54705 0.41705 0
1.0953 0.993947
0.410059 0.280059 0
1.08541 1.01877
0.720469 0.590469 0
1.02939 0.906024
0.593829 0.463829 0
1.13341 1.24401
0.451271 0.321271 0
0.911686 0.820143
0.57271 0.44271 0
0.819221 0.853442
0.547966 0.417966 0
0.844429 0.86923
0.74077 0.61077 0
0.975955 1.35387
0.594769 0.464769 0
1.02171 0.854183
0.771374 0.641374 0
1.00509 0.853642
0.518473 0.388473 0
0.904195 0.842023
0.568072 0.438072 0
1.08555 0.972088
0.781469 0.651469 0
1.00395 0.806595
0.549895 0.419895 0
0.967288 0.803844
0.533403 0.403403 0
0.952637 0.779898
0.572503 0.442503 0
0.971955 0.780668
0.718235 0.588235 0
0.988663 0.920863
0.596503 0.466503 0
1.0937 1.31349
0.50181 0.37181 0
1.07993 0.988146
0.50596 0.37596 0
1.08546 1.00402
0.511979 0.381979 0
0.850676 1.46481
0.702341 0.572341 0
1.03665 1.28235
0.514457 0.384457 0
0.997072 0.837904
0.703366 0.573366 0
0.835468 0.836484
0.736351 0.606351 0
0.810684 0.841903
0.611567 0.481567 0
1.02442 1.08676
0.743712 0.613712 0
1.00521 0.825065
0.633027 0.503027 0
0.984013 0.765794
0.430311 0.300311 0
0.960647 0.763039
0.675362 0.545362 0
1.00778 1.34079
0.731614 0.601614 0
1.04306 1.32554
0.482253 0.352253 0
1.00702 1.31517
0.791504 0.661504 0
1.08218 1.05917
0.622211 0.492211 0
1.04862 1.04225
0.728831 0.598831 0
0.896396 1.44106
0.590655 0.460655 0
0.908771 1.47046
0.526334 0.396334 0
0.923554 1.47677
0.557183 0.427183 0
0.926949 1.42918
0.746861 0.616861 0
1.11823 1.31784
0.543461 0.413461 0
0.902046 1.33224
0.61988 0.48988 0
0.979168 1.37584
0.502664 0.372664 0
0.817304 0.905769
0.785986 0.655986 0
0.828491 0.876443
0.737681 0.607681 0
0.849792 1.48415
0.487613 0.357613 0
0.87291 1.46788
0.592865 0.462865 0
0.831747 1.47661
0.70156 0.57156 0
1.07412 1.16364
0.633235 0.503235 0
1.07907 1.07682
0.47178 0.34178 0
0.817475 1.48952
0.634846 0.504846 0
0.836804 1.49219
0.77102 0.64102 0
0.815596 1.46192
0.501907 0.371907 0
0.879034 0.843314
0.644758 0.514758 0
0.862512 1.4908
0.748424 0.618424 0
0.886627 1.47298
0.624213 0.494213 0
0.880379 1.48593
0.486343 0.356343 0
1.06756 1.2821
0.481948 0.351948 0
0.84306 0.91932
0.597394 0.467394 0
1.10843 0.98648
0.799561 0.669561 0
1.10679 1.01386
0.581732 0.451732 0
1.12193 1.1252
0.566704 0.436704 0
1.1127 1.08484
0.52487 0.39487 0
0.927146 0.817544
0.588324 0.458324 0
1.10317 1.06139
0.552678 0.422678 0
1.093 1.27234
0.489822 0.359822 0
1.00145 1.37796
0.504752 0.374752 0
0.963934 1.3717
0.429884 0.299884 0
0.901857 1.48714
0.59765 0.46765 0
0.904684 1.51016
0.506009 0.376009 0
0.874674 1.50128
0.622321 0.492321 0
1.09944 1.33359
0.520133 0.390133 0
1.13678 1.34279
0.573736 0.443736 0
0.815426 1.43188
0.709922 0.579922 0
0.801055 0.901227
0.596185 0.466185 0
1.0907 1.08667
0.695724 0.565724 0
1.03699 0.877035
0.593841 0.463841 0
0.828523 0.917302
0.494205 0.364205 0
1.12872 1.10796
0.454006 0.324006 0
1.11093 0.972136
0.45652 0.32652 0
1.06384 1.05152
0.409253 0.279253 0
1.01909 0.837535
0.452113 0.322113 0
0.825937 0.820002
0.674899 0.544899 0
0.849782 0.832105
0.589019 0.459019 0
0.838331 0.809076
0.789721 0.659721 0
0.812733 0.815233
0.687094 0.557094 0
1.07694 0.913868
0.710373 0.580373 0
1.14146 1.27966
0.452748 0.322748 0
1.15165 1.24498
0.713742 0.583742 0
0.864161 0.787851
0.491946 0.361946 0
0.844876 0.79586
0.597064 0.467064 0
0.861304 0.818729
0.79281 0.66281 0
0.978312 1.32288
0.78153 0.65153 0
1.02172 1.34311
0.560027 0.430027 0
0.828991 1.45774
0.573089 0.443089 0
0.926416 1.50029
0.540312 0.410312 0
0.890255 0.827566
0.663045 0.533045 0
0.801912 0.886196
0.690951 0.560951 0
0.893398 1.52726
0.61092 0.48092 0
0.911187 1.52336
0.663985 0.533985 0
1.08996 1.03326
0.593841 0.463841 0
1.10967 1.0382
0.553301 0.423301 0
1.1429 1.12166
0.779174 0.649174 0
1.1722 1.15016
0.734727 0.604727 0
1.18823 1.14084
0.730906 0.600906 0
1.19019 1.12132
0.466945 0.336945 0
1.20443 1.1567
0.745775 0.615775 0
1.21382 1.13361
0.466152 0.336152 0
1.05634 0.873055
0.781213 0.651213 0
1.04347 0.900281
0.567364 0.437364 0
0.949275 1.47695
0.535014 0.405014 0
1.13746 1.16671
0.693356 0.563356 0
1.22902 1.13707
0.515506 0.385506 0
1.22641 1.15955
0.514396 0.384396 0
0.925889 0.781334
0.451112 0.321112 0
0.920835 0.796025
0.452406 0.322406 0
1.08179 0.95525
0.779662 0.649662 0
1.07045 0.97408
0.508206 0.378206 0
1.09005 0.939782
0.68049 0.55049 0
1.10222 0.948861
0.623225 0.493225 0
1.01126 1.35504
0.416126 0.286126 0
1.13597 0.970232
0.574651 0.444651 0
1.12 0.9546
0.485659 0.355659 0
1.25256 1.11717
0.798157 0.668157 0
1.21704 1.11566
0.708261 0.578261 0
1.24739 1.15326
0.482669 0.352669 0
0.961623 1.39348
0.702927 0.572927 0
0.987348 1.39684
0.63885 0.50885 0
0.887098 0.890401
0.759557 0.629557 0
1.07837 0.892174
0.456301 0.326301 0
1.05363 0.848338
0.656429 0.526429 0
1.07401 0.851402
0.783947 0.653947 0
0.980337 1.41199
0.62071 0.49071 0
1.01101 1.42129
0.643684 0.513684 0
1.11904 1.34056
0.401245 0.271245 0
1.13424 1.31529
0.57 0.44 0
1.05916 0.891923
0.776769 0.646769 0
1.03585 0.852928
0.705527 0.575527 0
1.21042 1.1709
0.60777 0.47777 0
1.24335 1.17996
0.428224 0.298224 0
1.09595 0.895904
0.406897 0.276897 0
1.09966 0.865406
0.68569 0.55569 0
1.08132 0.878193
0.600043 0.470043 0
1.06165 0.911827
0.619538 0.489538 0
0.842178 0.849476
0.62945 0.49945 0
1.14014 0.937702
0.52631 0.39631 0
1.101 0.928464
0.460475 0.330475 0
1.12402 0.933929
0.570269 0.440269 0
1.23834 1.11278
0.744469 0.614469 0
1.06729 1.3286
0.589862 0.459862 0
1.05648 1.34108
0.513541 0.383541 0
1.05142 1.31153
0.471267 0.341267 0
1.07639 0.932183
0.486563 0.356563 0
1.18479 1.19106
0.550847 0.420847 0
1.21049 1.18878
0.500784 0.370784 0
1.16715 1.20905
0.602826 0.472826 0
1.18232 1.21669
0.700327 0.570327 0
1.16881 1.10771
0.619465 0.489465 0
1.20041 1.10369
0.559783 0.429783 0
1.14211 1.0965
0.447694 0.317694 0
0.858399 1.52207
0.650899 0.520899 0
1.1209 1.00313
0.459816 0.329816 0
1.08442 0.860939
0.719517 0.589517 0
0.88471 1.54839
0.655098 0.525098 0
0.88537 1.51432
0.782275 0.652275 0
0.878906 1.53028
0.565154 0.435154 0
0.903245 1.5396
0.624604 0.494604 0
1.01975 0.8073
0.717856 0.587856 0
1.10924 1.27455
0.735667 0.605667 0
1.04389 0.924494
0.652681 0.522681 0
1.10094 0.834253
0.601044 0.471044 0
1.08643 0.843884
0.625422 0.495422 0
1.05201 0.828752
0.640559 0.510559 0
1.07746 0.830764
0.640303 0.510303 0
0.933627 1.45481
0.575726 0.445726 0
1.07465 1.29463
0.555119 0.425119 0
1.05966 1.29489
0.691 0.561 0
1.09295 0.818254
0.768029 0.638029 0
1.10044 0.850885
0.762462 0.632462 0
1.12514 1.35683
0.464174 0.334174 0
1.07597 1.30871
0.619404 0.489404 0
1.0773 1.35334
0.42627 0.29627 0
1.13628 1.06083
0.626838 0.496838 0
1.11523 1.06934
0.445045 0.315045 0
1.02627 1.35864
0.480605 0.350605 0
1.04666 0.814971
0.653853 0.523853 0
0.823855 0.805699
0.442543 0.312543 0
0.872279 0.807747
0.506522 0.376522 0
0.835815 1.54532
0.758605 0.628605 0
0.847522 1.53194
0.667806 0.537806 0
0.853277 1.50239
0.751598 0.621598 0
0.868702 1.54348
0.643135 0.513135 0
0.902015 0.792972
0.408264 0.278264 0
0.91351 0.773843
0.587909 0.457909 0
0.897205 0.77335
0.440883 0.310883 0
1.02886 0.793179
0.655281 0.525281 0
1.02274 0.822062
0.445021 0.315021 0
1.04821 0.797519
0.71821 0.58821 0
1.05527 1.26784
0.747777 0.617777 0
0.801199 1.48852
0.582696 0.452696 0
0.805128 1.5025
0.494388 0.364388 0
0.82212 1.51276
0.747984 0.617984 0
1.18713 1.08985
0.706931 0.576931 0
1.07196 0.792837
0.413672 0.283672 0
1.00661 0.787461
0.714304 0.584304 0
1.13156 0.985294
0.434816 0.304816 0
1.03834 1.35103
0.55125 0.42125 0
1.04069 1.36682
0.732615 0.602615 0
1.2415 1.12653
0.502615 0.372615 0
1.01659 1.3831
0.732224 0.602224 0
1.1564 0.948459
0.579034 0.449034 0
1.16043 0.994351
0.568218 0.438218 0
1.14759 0.987775
0.402222 0.272222 0
1.13434 1.01234
0.524198 0.394198 0
0.827859 0.780201
0.400122 0.270122 0
1.11791 0.793674
0.505179 0.375179 0
1.10618 0.802308
0.616352 0.486352 0
1.10249 1.35201
0.729466 0.599466 0
1.08328 1.33826
0.473525 0.343525 0
0.895137 1.56008
0.521451 0.391451 0
0.883728 1.57412
0.546452 0.416452 0
0.838596 1.51408
0.537516 0.407516 0
1.22617 1.17374
0.448744 0.318744 0
1.06596 0.816251
0.613935 0.483935 0
0.8891 0.811161
0.765368 0.635368 0
1.04416 0.779719
0.739512 0.609512 0
0.941949 1.4426
0.623774 0.493774 0
0.948003 1.41305
0.474819 0.344819 0
0.913442 1.43957
0.637983 0.507983 0
0.802693 1.52467
0.515812 0.385812 0
0.824517 1.52671
0.631782 0.501782 0
1.26455 1.1601
0.681417 0.551417 0
1.26168 1.13918
0.602277 0.472277 0
1.27411 1.17832
0.643464 0.513464 0
1.05236 1.35904
0.469277 0.339277 0
1.05329 1.37726
0.461452 0.331452 0
1.07293 1.3686
0.722752 0.592752 0
0.881941 0.778894
0.685348 0.555348 0
0.939882 0.744504
0.778271 0.648271 0
0.980083 0.739832
0.497024 0.367024 0
1.16287 1.23223
0.529228 0.399228 0
1.1002 1.3764
0.724082 0.594082 0
1.17117 1.18754
0.694675 0.564675 0
0.999818 1.43237
0.628974 0.498974 0
1.03028 1.40828
0.553191 0.423191 0
1.02115 1.43963
0.402869 0.272869 0
1.02217 1.39654
0.575726 0.445726 0
1.03645 1.44582
0.524821 0.394821 0
1.12422 0.87638
0.574346 0.444346 0
1.11855 0.856103
0.635969 0.505969 0
1.12833 1.08084
0.718833 0.588833 0
1.09867 0.91445
0.772326 0.642326 0
1.26039 1.19696
0.589776 0.459776 0
1.29583 1.15463
0.751012 0.621012 0
1.25731 1.17592
0.584161 0.454161 0
1.14271 1.33002
0.461342 0.331342 0
1.14991 1.29575
0.718357 0.588357 0
1.11548 0.905015
0.426026 0.296026 0
1.16327 0.971569
0.4339 0.3039 0
1.16515 1.01015
0.716575 0.586575 0
0.964706 1.41134
0.452638 0.322638 0
0.965528 1.42807
0.783483 0.653483 0
0.941922 1.42785
0.700168 0.570168 0
0.936315 0.771909
0.643403 0.513403 0
0.802255 1.41455
0.671139 0.541139 0
0.88961 0.755602
0.403687 0.273687 0
0.90615 0.758335
0.59444 0.46444 0
1.03053 0.764081
0.749718 0.619718 0
1.07015 0.946112
0.423048 0.293048 0
1.16206 1.30968
0.620502 0.490502 0
1.14909 1.35326
0.470937 0.340937 0
1.17616 1.0769
0.705893 0.575893 0
1.19112 1.06787
0.698276 0.568276 0
1.12132 1.02874
0.661263 0.531263 0
0.920714 1.55671
0.656343 0.526343 0
1.06952 1.38404
0.505533 0.375533 0
1.09317 1.36366
0.795044 0.665044 0
1.1134 1.39097
0.594024 0.464024 0
0.864595 0.833426
0.458412 0.328412 0
0.813704 0.783971
0.689633 0.559633 0
0.964602 1.45976
0.697653 0.567653 0
0.943468 1.49478
0.644185 0.514185 0
0.900105 1.57715
0.466042 0.336042 0
1.12247 1.04431
0.696335 0.566335 0
1.15237 1.05049
0.676962 0.546962 0
0.962229 1.44438
0.443104 0.313104 0
0.928195 1.54354
0.653255 0.523255 0
1.11503 0.838223
0.599152 0.469152 0
1.11517 1.40919
0.72595 0.59595 0
1.12913 1.39987
0.771422 0.641422 0
1.099 1.40786
0.599493 0.469493 0
1.04332 1.4014
0.495828 0.365828 0
1.07573 1.40162
0.643001 0.513001 0
1.2203 1.20959
0.559172 0.429172 0
0.885153 0.794651
0.738963 0.608963 0
0.814979 1.54372
0.410547 0.280547 0
0.830298 0.75742
0.575286 0.445286 0
1.23198 1.19208
0.505716 0.375716 0
1.06461 0.837146
0.55125 0.42125 0
0.840993 1.56218
0.571905 0.441905 0
1.0304 1.3804
0.434816 0.304816 0
1.14223 1.07811
0.481387 0.351387 0
1.16149 1.0828
0.605927 0.475927 0
1.16417 1.06286
0.529215 0.399215 0
0.841461 0.766879
0.799719 0.669719 0
0.80566 0.795854
0.47394 0.34394 0
0.95893 1.51029
0.773534 0.643534 0
0.944755 1.50946
0.569463 0.439463 0
0.957616 1.48871
0.513041 0.383041 0
0.970053 1.49708
0.641902 0.511902 0
1.13193 0.829701
0.715464 0.585464 0
1.10728 0.777147
0.697726 0.567726 0
1.1122 0.822881
0.791845 0.661845 0
1.09215 0.787861
0.637397 0.507397 0
1.12561 0.814743
0.565288 0.435288 0
1.15703 1.27307
0.643208 0.513208 0
1.1512 0.829303
0.658858 0.528858 0
1.14169 0.807263
0.561187 0.431187 0
1.14235 0.840741
0.713926 0.583926 0
0.950129 1.45876
0.55363 0.42363 0
1.16262 0.855212
0.709336 0.579336 0
0.987065 1.47053
0.512076 0.382076 0
1.05998 1.4068
0.611274 0.481274 0
1.04305 1.41545
0.640461 0.510461 0
0.910799 0.737864
0.425562 0.295562 0
0.89633 0.739058
0.693405 0.563405 0
0.801284 0.769074
0.696713 0.566713 0
1.17451 0.925105
0.637263 0.507263 0
1.13883 0.956315
0.451527 0.321527 0
1.23587 1.21112
0.639082 0.509082 0
1.14178 0.8685
0.571062 0.441062 0
1.18363 0.868743
0.534001 0.404001 0
1.18435 0.833446
0.640193 0.510193 0
0.88459 0.714176
0.721641 0.591641 0
0.870688 0.751783
0.722385 0.592385 0
0.918189 0.714672
0.649532 0.519532 0
0.943381 1.56767
0.485977 0.355977 0
1.19648 1.20025
0.504813 0.374813 0
0.923734 0.760336
0.518192 0.388192 0
0.941912 0.758904
0.504862 0.374862 0
1.21801 1.10109
0.754942 0.624942 0
0.858554 0.767649
0.703232 0.573232 0
1.17698 1.04161
0.576666 0.446666 0
1.00946 1.45004
0.559771 0.429771 0
1.05936 1.42362
0.524979 0.394979 0
1.05511 1.47101
0.511417 0.381417 0
1.03271 1.46702
0.629145 0.499145 0
1.13551 0.88892
0.67513 0.54513 0
1.11034 0.891211
0.448842 0.318842 0
1.13704 1.37863
0.66512 0.53512 0
1.15403 1.40945
0.586578 0.456578 0
1.00485 1.39521
0.563543 0.433543 0
1.13794 0.788402
0.452199 0.322199 0
1.15643 0.803376
0.79696 0.66696 0
1.14637 1.3929
0.722446 0.592446 0
1.15192 1.37226
0.490762 0.360762 0
1.11912 1.37621
0.679354 0.549354 0
1.13286 1.41435
0.649153 0.519153 0
1.09567 1.39087
0.684445 0.554445 0
1.11841 0.761217
0.690426 0.560426 0
1.06883 0.761616
0.699203 0.569203 0
1.19468 1.03833
0.505826 0.375826 0
1.01027 1.46822
0.447731 0.317731 0
1.03232 1.42973
0.554436 0.424436 0
1.08616 1.37639
0.583782 0.453782 0
0.996484 1.4117
0.407337 0.277337 0
1.14946 0.892776
0.521964 0.391964 0
0.957072 1.55368
0.461843 0.331843 0
0.9167 1.57296
0.471999 0.341999 0
0.953533 1.58592
0.709055 0.579055 0
0.958492 1.57007
0.524808 0.394808 0
0.926261 1.59422
0.508292 0.378292 0
1.09165 1.42009
0.630988 0.500988 0
0.932435 1.52422
0.747252 0.617252 0
1.00766 1.26955
0.634321 0.504321 0
1.201 1.01677
0.598895 0.468895 0
1.19847 1.05204
0.627644 0.497644 0
0.987848 1.44392
0.574541 0.444541 0
1.04741 0.741546
0.63271 0.50271 0
1.08004 0.737307
0.566814 0.436814 0
1.06481 0.740146
0.422828 0.292828 0
1.06043 0.777028
0.527262 0.397262 0
1.01695 1.03474
0.654146 0.524146 0
0.94709 1.54111
0.780151 0.650151 0
1.09878 0.880659
0.400745 0.270745 0
1.17829 0.985835
0.787475 0.657475 0
1.14934 1.0115
0.748753 0.618753 0
1.21807 1.08569
0.699606 0.569606 0
1.2477 1.22739
0.74586 0.61586 0
0.867527 1.58158
0.501895 0.371895 0
0.905754 1.59625
0.575701 0.445701 0
0.956807 0.736974
0.649434 0.519434 0
1.00398 0.769828
0.780114 0.650114 0
1.00326 0.747901
0.620527 0.490527 0
1.17349 1.24875
0.737608 0.607608 0
1.18699 1.2305
0.66418 0.53418 0
1.17335 1.36479
0.67275 0.54275 0
1.16861 1.32706
0.417127 0.287127 0
1.13282 0.856438
0.668856 0.538856 0
1.18581 1.31762
0.473684 0.343684 0
1.18548 1.35348
0.535234 0.405234 0
1.1617 1.34572
0.654317 0.524317 0
1.18984 1.2831
0.590362 0.460362 0
1.17331 0.79169
0.488858 0.358858 0
1.17078 0.806215
0.513932 0.383932 0
1.17009 0.820928
0.555718 0.425718 0
1.14459 0.910451
0.443178 0.313178 0
1.13114 0.917991
0.650764 0.520764 0
0.990158 0.811503
0.492874 0.362874 0
1.02342 0.777521
0.747581 0.617581 0
0.93335 0.720159
0.51359 0.38359 0
0.909093 0.699187
0.605475 0.475475 0
0.928115 0.735144
0.619184 0.489184 0
1.11322 1.43152
0.532475 0.402475 0
1.14663 1.43147
0.66202 0.53202 0
0.980843 1.43017
0.467226 0.337226 0
1.12322 0.736699
0.463649 0.333649 0
1.13504 0.749213
0.457533 0.327533 0
1.10774 0.745843
0.46841 0.33841 0
1.09533 0.736449
0.432276 0.302276 0
0.968515 1.54333
0.429078 0.299078 0
1.31415 1.14936
0.539628 0.409628 0
1.30121 1.1325
0.406507 0.276507 0
1.28501 1.13104
0.50618 0.37618 0
1.31998 1.1346
0.418567 0.288567 0
1.19367 1.33022
0.710227 0.580227 0
1.20709 1.30645
0.75952 0.62952 0
1.18968 1.30224
0.606696 0.476696 0
1.207 1.21909
0.57669 0.44669 0
1.15423 0.782209
0.642109 0.512109 0
1.18631 0.942037
0.789697 0.659697 0
1.16932 0.909222
0.705075 0.575075 0
0.978192 1.53137
0.715622 0.585622 0
1.16938 0.760769
0.720798 0.590798 0
1.13506 0.768505
0.474306 0.344306 0
1.2152 1.23454
0.468117 0.338117 0
1.12913 1.43912
0.439051 0.309051 0
1.1453 1.45818
0.522855 0.392855 0
1.15835 1.42358
0.52056 0.39056 0
1.16172 1.45169
0.463503 0.333503 0
1.06634 1.44246
0.576263 0.446263 0
1.13373 0.726917
0.563811 0.433811 0
0.961665 0.722192
0.57188 0.44188 0
1.13859 1.02876
0.790832 0.660832 0
1.31768 1.17687
0.738768 0.608768 0
1.09527 1.4387
0.478127 0.348127 0
1.05485 1.49019
0.518107 0.388107 0
1.05629 1.45341
0.40105 0.27105 0
1.0371 1.48881
0.412122 0.282122 0
0.957983 1.52697
0.593585 0.463585 0
1.20633 0.95337
0.422132 0.292132 0
1.21315 0.929707
0.566655 0.436655 0
0.988713 0.780637
0.795532 0.665532 0
1.28267 1.18953
0.462856 0.332856 0
1.15805 0.87527
0.775414 0.645414 0
0.986339 1.49835
0.565069 0.435069 0
0.975124 1.57588
0.401404 0.271404 0
1.17083 0.942447
0.514457 0.384457 0
1.15246 0.924781
0.59483 0.46483 0
1.02397 1.4559
0.637922 0.507922 0
1.02382 1.48327
0.427747 0.297747 0
1.00235 1.50517
0.7859 0.6559 0
1.19525 0.803637
0.673653 0.543653 0
1.15096 0.766816
0.688522 0.558522 0
0.85016 0.779366
0.51558 0.38558 0
1.04999 0.765332
0.501163 0.371163 0
1.23056 1.22573
0.69863 0.56863 0
0.946141 0.707775
0.580181 0.450181 0
0.9026 0.719162
0.50408 0.37408 0
1.07236 1.47104
0.455397 0.325397 0
1.06239 1.50404
0.746239 0.616239 0
1.07744 1.51731
0.497757 0.367757 0
1.23882 1.09577
0.795886 0.665886 0
1.18956 0.904056
0.769066 0.639066 0
0.858195 0.745134
0.670174 0.540174 0
1.18877 0.959445
0.435047 0.305047 0
1.16123 1.02564
0.544963 0.414963 0
1.1367 1.04595
0.774084 0.644084 0
1.20217 1.07981
0.692843 0.562843 0
1.1783 1.06019
0.470376 0.340376 0
1.18391 1.42548
0.679843 0.549843 0
1.16833 1.47184
0.794556 0.664556 0
1.14569 1.47563
0.713169 0.583169 0
0.886452 1.59858
0.493045 0.363045 0
0.950195 0.692547
0.574212 0.444212 0
0.962739 0.704281
0.584539 0.454539 0
0.930999 0.694481
0.443422 0.313422 0
0.82342 1.55631
0.643001 0.513001 0
0.940957 0.680576
0.577935 0.447935 0
0.858972 1.55898
0.585296 0.455296 0
1.06691 0.720959
0.687387 0.557387 0
1.08672 0.754374
0.726341 0.596341 0
1.28827 1.17349
0.420557 0.290557 0
1.18446 1.02616
0.764611 0.634611 0
1.08988 0.772711
0.672372 0.542372 0
1.02724 0.744319
0.669063 0.539063 0
1.17662 0.747648
0.500089 0.370089 0
1.15895 0.75136
0.400586 0.270586 0
1.17503 0.733363
0.547795 0.417795 0
1.19273 0.7431
0.671615 0.541615 0
1.15691 0.723868
0.469277 0.339277 0
0.972397 1.51588
0.772607 0.642607 0
0.927088 0.671425
0.762499 0.632499 0
0.892708 0.690159
0.726695 0.596695 0
0.886922 0.672501
0.532267 0.402267 0
1.21542 1.32877
0.521622 0.391622 0
1.18555 1.40055
0.633576 0.503576 0
1.17158 1.43699
0.562883 0.432883 0
1.18025 0.852133
0.663668 0.533668 0
1.00586 1.5226
0.442689 0.312689 0
1.02519 1.52766
0.619111 0.489111 0
0.814313 0.759939
0.476492 0.346492 0
1.07739 0.807656
0.762999 0.632999 0
1.18085 0.883657
0.671859 0.541859 0
1.17743 1.00086
0.607208 0.477208 0
1.12809 1.46579
0.514274 0.384274 0
1.15549 1.48737
0.556621 0.426621 0
1.12262 1.49773
0.630183 0.500183 0
1.11874 1.45086
0.734117 0.604117 0
1.07496 0.774586
0.469338 0.339338 0
0.955152 0.666436
0.659957 0.529957 0
0.91994 0.659225
0.687289 0.557289 0
1.11179 0.726344
0.643526 0.513526 0
1.17683 1.45088
0.552873 0.422873 0
1.18451 1.46334
0.412244 0.282244 0
1.03766 0.712402
0.706845 0.576845 0
1.04707 0.724953
0.50004 0.37004 0
0.978852 0.704936
0.404187 0.274187 0
1.1962 0.779525
0.696567 0.566567 0
1.17196 1.26707
0.436744 0.306744 0
1.02226 0.89385
0.468777 0.338777 0
1.2085 0.892195
0.701498 0.571498 0
1.09171 0.803883
0.557402 0.427402 0
1.05519 1.52428
0.506192 0.376192 0
1.07664 1.49088
0.77412 0.64412 0
1.03676 1.51706
0.635932 0.505932 0
1.20908 1.40211
0.628498 0.498498 0
1.20455 1.42532
0.592291 0.462291 0
1.19942 1.44108
0.649678 0.519678 0
1.16699 0.839248
0.711509 0.581509 0
1.19863 0.855763
0.583233 0.453233 0
1.20978 0.832945
0.718833 0.588833 0
1.21212 0.817836
0.692331 0.562331 0
1.21745 1.03875
0.533158 0.403158 0
1.21276 1.06224
0.420264 0.290264 0
1.19423 0.918407
0.649434 0.519434 0
1.08839 0.717129
0.532499 0.402499 0
1.25397 1.08063
0.645698 0.515698 0
1.15866 1.38579
0.796777 0.666777 0
1.19301 1.38174
0.537773 0.407773 0
0.995688 0.689072
0.733494 0.603494 0
1.0037 0.728373
0.486001 0.356001 0
0.936955 0.64479
0.621796 0.491796 0
0.893493 0.634423
0.597467 0.467467 0
0.912104 0.634465
0.432105 0.302105 0
1.21295 0.976675
0.71102 0.58102 0
1.17051 0.959167
0.722446 0.592446 0
1.19512 0.975292
0.553728 0.423728 0
0.982322 1.54953
0.43329 0.30329 0
1.01967 1.50033
0.763952 0.633952 0
0.991243 1.52062
0.594952 0.464952 0
1.02396 1.54316
0.639827 0.509827 0
1.22903 0.984247
0.471047 0.341047 0
1.21705 0.994606
0.741417 0.611417 0
1.19745 0.99262
0.653706 0.523706 0
1.20067 1.23568
0.500406 0.370406 0
1.20671 1.25378
0.748387 0.618387 0
1.22755 0.811016
0.423621 0.293621 0
1.21062 0.797842
0.590155 0.460155 0
1.23124 0.792391
0.564373 0.434373 0
1.2236 1.0134
0.468569 0.338569 0
0.998995 1.53781
0.530644 0.400644 0
1.23016 0.957117
0.654573 0.524573 0
1.19566 0.718458
0.649861 0.519861 0
1.19408 1.26272
0.670406 0.540406 0
1.16699 1.29083
0.666646 0.536646 0
1.27795 1.15523
0.472878 0.342878 0
1.28602 1.11655
0.763683 0.633683 0
1.31929 1.11818
0.479751 0.349751 0
1.06439 0.705188
0.615131 0.485131 0
1.23498 1.07183
0.611151 0.481151 0
1.22291 1.25673
0.457802 0.327802 0
0.878393 0.635129
0.490091 0.360091 0
0.88561 0.614355
0.647395 0.517395 0
0.91286 0.615995
0.700278 0.570278 0
0.878545 0.661204
0.505387 0.375387 0
1.23823 0.944636
0.784484 0.654484 0
1.04526 1.54026
0.706699 0.576699 0
1.06613 1.53305
0.533256 0.403256 0
1.07334 1.54784
0.458864 0.328864 0
1.18105 0.774758
0.511307 0.381307 0
1.04515 1.50397
0.530851 0.400851 0
0.846803 0.729082
0.747703 0.617703 0
0.879849 0.728064
0.652498 0.522498 0
1.07134 1.41591
0.526579 0.396579 0
0.868405 0.675948
0.575433 0.445433 0
0.902039 0.674301
0.705942 0.575942 0
1.23247 1.04252
0.611982 0.481982 0
1.22722 1.05698
0.415076 0.285076 0
0.87498 0.698774
0.600421 0.470421 0
0.90583 0.602279
0.585284 0.455284 0
0.867234 0.613346
0.433656 0.303656 0
0.86444 0.633808
0.602875 0.472875 0
1.23792 1.00246
0.582501 0.452501 0
1.12062 1.47896
0.491031 0.361031 0
1.17159 1.48994
0.695651 0.565651 0
1.16978 1.50664
0.473757 0.343757 0
0.871736 1.5668
0.415711 0.285711 0
0.846211 0.694031
0.404492 0.274492 0
0.851878 0.653925
0.663558 0.533558 0
0.919397 0.683688
0.402185 0.272185 0
1.30174 1.11794
0.662911 0.532911 0
1.2232 0.893794
0.57879 0.44879 0
1.22851 0.879585
0.753258 0.623258 0
1.20844 1.28501
0.614972 0.484972 0
1.33775 1.15409
0.420374 0.290374 0
1.10474 1.46897
0.594708 0.464708 0
1.09221 1.45529
0.613117 0.483117 0
1.17503 0.707019
0.794482 0.664482 0
1.3334 1.11144
0.558391 0.428391 0
1.29888 1.09236
0.68934 0.55934 0
1.21425 0.910913
0.788391 0.658391 0
1.12793 1.51751
0.535734 0.405734 0
1.09646 1.52399
0.799927 0.669927 0
1.14391 1.51139
0.76975 0.63975 0
0.819219 0.74461
0.529923 0.399923 0
0.843233 0.751614
0.569854 0.439854 0
1.25812 1.06296
0.500174 0.370174 0
0.849072 0.714406
0.724351 0.594351 0
0.836149 0.682647
0.510172 0.380172 0
0.831385 0.720358
0.466506 0.336506 0
0.864909 0.714016
0.789465 0.659465 0
0.828039 0.700703
0.644478 0.514478 0
0.996933 1.48309
0.608466 0.478466 0
0.974456 1.4798
0.727671 0.597671 0
0.806311 0.734726
0.741783 0.611783 0
0.839007 0.618556
0.568511 0.438511 0
1.08598 1.47496
0.72855 0.59855 0
1.0963 1.49369
0.585296 0.455296 0
1.35686 1.14961
0.431642 0.301642 0
1.33641 1.13845
0.761327 0.631327 0
1.33702 1.17599
0.410462 0.280462 0
1.16736 1.40315
0.615534 0.485534 0
0.93873 0.659624
0.741868 0.611868 0
0.90422 0.652479
0.541166 0.411166 0
1.19511 0.818265
0.799609 0.669609 0
1.0476 0.694502
0.681649 0.551649 0
1.0813 0.701243
0.784387 0.654387 0
1.22633 1.2909
0.666915 0.536915 0
1.21832 1.27391
0.735203 0.605203 0
0.944646 1.59894
0.718467 0.588467 0
1.3502 1.16531
0.797058 0.667058 0
0.997739 1.5859
0.497806 0.367806 0
0.977577 1.59145
0.520878 0.390878 0
0.993945 1.56031
0.47073 0.34073 0
1.10545 1.53516
0.578655 0.448655 0
1.31128 1.07785
0.53853 0.40853 0
1.28804 1.07063
0.739805 0.609805 0
1.27867 1.09062
0.49783 0.36783 0
1.24933 0.970636
0.524686 0.394686 0
1.25311 0.947155
0.781701 0.651701 0
0.994767 1.4581
0.476687 0.346687 0
1.22323 0.845815
0.557439 0.427439 0
1.2114 0.862879
0.526395 0.396395 0
0.92909 0.614503
0.660775 0.530775 0
0.978995 0.688261
0.709592 0.579592 0
0.985453 0.723175
0.480544 0.350544 0
1.15119 0.739681
0.595685 0.465685 0
1.14906 0.708976
0.625385 0.495385 0
1.1399 1.52641
0.433424 0.303424 0
1.1573 1.51877
0.450429 0.320429 0
1.23486 1.27558
0.478201 0.348201 0
1.21219 0.776954
0.752049 0.622049 0
1.19371 0.764011
0.478335 0.348335 0
1.18782 1.48528
0.598016 0.468016 0
1.19536 1.50848
0.517325 0.387325 0
0.811688 1.564
0.402295 0.272295 0
0.841975 1.57881
0.584857 0.454857 0
1.10249 0.761002
0.426148 0.296148 0
0.962644 0.651701
0.631281 0.501281 0
1.01981 0.705828
0.741197 0.611197 0
0.82282 0.633332
0.698679 0.568679 0
0.8223 0.613436
0.77528 0.64528 0
1.29863 1.05485
0.466128 0.336128 0
1.22083 1.44941
0.5283 0.3983 0
1.04794 1.55996
0.447475 0.317475 0
1.01209 1.55743
0.442958 0.312958 0
1.03021 1.5566
0.787109 0.657109 0
1.17042 0.685277
0.593988 0.463988 0
1.19371 0.689062
0.562285 0.432285 0
1.01141 1.57619
0.57 0.44 0
1.00106 0.704761
0.770568 0.640568 0
1.03351 0.697478
0.613239 0.483239 0
1.20629 1.48448
0.605805 0.475805 0
0.809016 0.710878
0.505167 0.375167 0
0.962744 0.681829
0.459352 0.329352 0
1.10653 0.683722
0.789746 0.659746 0
0.976371 0.641052
0.770324 0.640324 0
0.983167 0.660504
0.661629 0.531629 0
1.22436 1.5026
0.643916 0.513916 0
1.2249 1.47966
0.462526 0.332526 0
1.02828 0.724638
0.507645 0.377645 0
1.03954 0.674676
0.477065 0.347065 0
1.02537 0.680045
0.631672 0.501672 0
1.2258 1.38546
0.647859 0.517859 0
1.20964 1.38423
0.553618 0.423618 0
1.19552 1.41332
0.59035 0.46035 0
1.00928 0.67681
0.567144 0.437144 0
1.32858 1.09758
0.52869 0.39869 0
1.30422 1.16714
0.709507 0.579507 0
0.817813 0.663698
0.547038 0.417038 0
0.816804 0.68798
0.765465 0.635465 0
0.835008 0.644189
0.504373 0.374373 0
0.868866 0.650132
0.743114 0.613114 0
1.24624 1.20122
0.746263 0.616263 0
0.931379 1.57583
0.721592 0.591592 0
1.22814 1.43371
0.612946 0.482946 0
1.22236 1.40749
0.771801 0.641801 0
1.20912 0.756375
0.7416 0.6116 0
1.1381 1.49428
0.657772 0.527772 0
1.23013 0.915076
0.538566 0.408566 0
1.23857 0.927565
0.490066 0.360066 0
1.35541 1.12238
0.608319 0.478319 0
1.21829 0.705425
0.671883 0.541883 0
1.19899 0.702442
0.416724 0.286724 0
1.21351 0.724669
0.404224 0.274224 0
0.833793 0.659718
0.689474 0.559474 0
0.851509 0.625593
0.748997 0.618997 0
1.01227 0.65559
0.649471 0.519471 0
0.992197 0.639704
0.436451 0.306451 0
1.10889 1.51177
0.433473 0.303473 0
1.08954 0.688663
0.698703 0.568703 0
1.05842 0.678461
0.743333 0.613333 0
1.03785 1.59713
0.66108 0.53108 0
1.08368 1.53577
0.435609 0.305609 0
1.23089 0.825833
0.480789 0.350789 0
1.28476 1.22117
0.582452 0.452452 0
1.23301 1.52848
0.735203 0.605203 0
1.24512 1.48322
0.795776 0.665776 0
1.24677 1.51797
0.781628 0.651628 0
1.10936 0.703728
0.549345 0.419345 0
1.13232 0.704499
0.786523 0.656523 0
1.2453 0.864532
0.705332 0.575332 0
1.24237 0.883318
0.703842 0.573842 0
1.24754 0.904725
0.705783 0.575783 0
1.22257 1.30633
0.720542 0.590542 0
1.3334 1.19971
0.775268 0.645268 0
1.35675 1.19498
0.431874 0.301874 0
1.31361 1.19672
0.646358 0.516358 0
1.26571 1.22552
0.709934 0.579934 0
1.26936 1.20982
0.618293 0.488293 0
1.22635 1.46513
0.535673 0.405673 0
0.852932 0.675501
0.637214 0.507214 0
0.805002 0.677698
0.628327 0.498327 0
1.24421 0.68258
0.797266 0.667266 0
1.22774 0.690193
0.575225 0.445225 0
1.23356 0.704465
0.452419 0.322419 0
1.23773 1.02782
0.791211 0.661211 0
1.22255 0.670548
0.452626 0.322626 0
1.24181 1.2996
0.668453 0.538453 0
1.12512 1.54336
0.520499 0.390499 0
1.2351 1.23958
0.566314 0.436314 0
1.23204 1.37108
0.521232 0.391232 0
1.19802 1.36299
0.684738 0.554738 0
1.05646 1.58046
0.593646 0.463646 0
1.19916 0.871472
0.416065 0.286065 0
1.30043 1.20517
0.65898 0.52898 0
1.25375 1.04026
0.726853 0.596853 0
1.25587 1.00676
0.552007 0.422007 0
1.22664 0.745952
0.734544 0.604544 0
1.0684 1.56534
0.579974 0.449974 0
1.08248 1.55881
0.76361 0.63361 0
1.0656 1.59807
0.555766 0.425766 0
1.2379 1.26117
0.641401 0.511401 0
1.02719 0.660025
0.724558 0.594558 0
1.26305 0.701535
0.675802 0.545802 0
1.24955 0.707691
0.757225 0.627225 0
1.2746 1.2532
0.495523 0.365523 0
1.25083 1.24504
0.568645 0.438645 0
1.26666 1.27176
0.57796 0.44796 0
1.05585 0.660241
0.585687 0.455687 0
1.29092 1.26182
0.490506 0.360506 0
1.29226 1.24755
0.687191 0.557191 0
1.27082 1.29547
0.678329 0.548329 0
1.28766 1.2921
0.617365 0.487365 0
1.25847 1.25802
0.694723 0.564723 0
0.94026 1.55378
0.483792 0.353792 0
1.30915 1.1029
0.539689 0.409689 0
1.19907 1.46251
0.643062 0.513062 0
1.23284 0.722257
0.498477 0.368477 0
1.32646 1.0833
0.499429 0.369429 0
1.25187 1.46407
0.603388 0.473388 0
1.24965 1.44929
0.545927 0.415927 0
0.801984 0.750999
0.430689 0.300689 0
1.27285 1.50598
0.412452 0.282452 0
1.26339 1.4847
0.639241 0.509241 0
1.08427 1.58658
0.401868 0.271868 0
1.25205 1.27285
0.707505 0.577505 0
1.26041 0.878065
0.442579 0.312579 0
1.26533 0.863511
0.78363 0.65363 0
1.257 1.53159
0.415223 0.285223 0
1.22294 1.54368
0.675533 0.545533 0
1.24535 1.49866
0.471206 0.341206 0
1.22735 1.35734
0.628437 0.498437 0
1.24853 1.35775
0.70195 0.57195 0
1.25122 1.38641
0.712131 0.582131 0
1.35274 1.10295
0.590753 0.460753 0
1.24585 0.72778
0.423231 0.293231 0
1.15682 0.668425
0.733018 0.603018 0
1.15303 0.685209
0.745128 0.615128 0
0.801286 0.699186
0.595245 0.465245 0
1.3594 1.21549
0.653291 0.523291 0
1.31094 1.22224
0.450539 0.320539 0
1.32011 1.06573
0.554631 0.424631 0
0.886316 0.647668
0.524967 0.394967 0
1.26581 1.24165
0.455763 0.325763 0
1.25885 0.679567
0.46896 0.33896 0
1.21162 0.686409
0.419422 0.289422 0
1.24419 0.831744
0.57741 0.44741 0
1.18365 1.51699
0.736839 0.606839 0
1.19651 1.53144
0.573919 0.443919 0
0.852394 0.604222
0.47029 0.34029 0
1.37721 1.13068
0.497171 0.367171 0
1.33404 1.06141
0.451918 0.321918 0
1.22628 0.777525
0.731297 0.601297 0
1.09465 1.50958
0.512882 0.382882 0
1.17199 0.667838
0.757274 0.627274 0
1.17859 0.653801
0.711899 0.581899 0
1.13517 0.647917
0.618891 0.488891 0
1.13785 0.688195
0.682736 0.552736 0
1.32396 1.24769
0.444325 0.314325 0
1.10065 1.55208
0.777367 0.647367 0
1.25055 1.33553
0.693307 0.563307 0
1.26655 1.34344
0.694638 0.564638 0
1.20767 1.54491
0.560198 0.430198 0
1.24052 1.56109
0.603925 0.473925 0
1.22562 1.55916
0.404395 0.274395 0
1.20936 1.562
0.449196 0.319196 0
1.27697 0.712577
0.452467 0.322467 0
1.28803 0.682787
0.400537 0.270537 0
1.27624 0.69277
0.569964 0.439964 0
1.02089 1.58761
0.558867 0.428867 0
1.3427 1.2339
0.486416 0.356416 0
1.37703 1.20014
0.663826 0.533826 0
0.927422 0.631672
0.723069 0.593069 0
1.26932 1.45629
0.755931 0.625931 0
1.27885 1.46924
0.670785 0.540785 0
0.999685 0.662722
0.750511 0.620511 0
1.29073 1.43585
0.444435 0.314435 0
1.25959 1.43858
0.74514 0.61514 0
0.822725 1.57386
0.750072 0.620072 0
1.15104 0.649758
0.650752 0.520752 0
0.98563 0.675651
0.692734 0.562734 0
1.35255 1.07557
0.663375 0.533375 0
1.31514 1.03865
0.675631 0.545631 0
1.35694 1.05205
0.42472 0.29472 0
1.26146 0.845571
0.54467 0.41467 0
1.28454 0.885504
0.508695 0.378695 0
1.27103 0.902532
0.568255 0.438255 0
1.28064 0.855593
0.764928 0.634928 0
1.11502 1.56723
0.558074 0.428074 0
1.20652 1.5772
0.501614 0.371614 0
1.24434 1.57775
0.684628 0.554628 0
1.25216 0.992426
0.746861 0.616861 0
1.27677 1.02183
0.569927 0.439927 0
1.20038 0.674428
0.540751 0.410751 0
1.19475 0.655632
0.500137 0.370137 0
0.951212 0.621922
0.630415 0.500415 0
1.02689 1.57155
0.742137 0.612137 0
1.2015 1.34303
0.715598 0.585598 0
1.31254 1.46175
0.620734 0.490734 0
1.30817 1.43658
0.574615 0.444615 0
1.27951 1.42287
0.467409 0.337409 0
1.25294 0.819916
0.638813 0.508813 0
1.2897 0.834367
0.635994 0.505994 0
1.29923 0.857174
0.728037 0.598037 0
1.28556 1.52544
0.747874 0.617874 0
1.2967 1.48647
0.760497 0.630497 0
1.26214 0.72405
0.626301 0.496301 0
0.952483 0.637564
0.757567 0.627567 0
1.26253 1.3211
0.658748 0.528748 0
1.23545 1.32121
0.627021 0.497021 0
1.24858 1.31399
0.636238 0.506238 0
1.25948 0.924478
0.678036 0.548036 0
1.36513 1.2389
0.709763 0.579763 0
1.32944 1.21351
0.446962 0.316962 0
1.33804 1.24803
0.627082 0.497082 0
1.32738 1.22858
0.644917 0.514917 0
1.35278 1.25218
0.516617 0.386617 0
1.27265 1.06141
0.52642 0.39642 0
1.24177 1.0562
0.420508 0.290508 0
1.27728 0.804077
0.773034 0.643034 0
1.24235 0.80571
0.795312 0.665312 0
1.2789 0.82212
0.536515 0.406515 0
1.2149 1.51901
0.546391 0.416391 0
1.19524 1.55202
0.643355 0.513355 0
1.26823 1.36202
0.691293 0.561293 0
1.23094 1.34038
0.775317 0.645317 0
1.26204 1.10573
0.706784 0.576784 0
1.07527 0.680574
0.760753 0.630753 0
1.36994 1.25409
0.456642 0.326642 0
1.38717 1.24958
0.586822 0.456822 0
1.3836 1.22592
0.769091 0.639091 0
1.24803 0.668921
0.424842 0.294842 0
1.24066 0.653787
0.487149 0.357149 0
1.267 0.654387
0.499515 0.369515 0
1.27885 0.663552
0.600348 0.470348 0
1.30183 1.51229
0.676852 0.546852 0
1.3711 1.18692
0.732115 0.602115 0
0.968148 0.601229
0.44695 0.31695 0
0.971145 0.627178
0.455654 0.325654 0
1.29033 1.45591
0.784472 0.654472 0
1.38379 1.27384
0.68934 0.55934 0
1.24809 1.41816
0.632746 0.502746 0
1.2641 0.784959
0.632905 0.502905 0
1.25019 0.793127
0.52775 0.39775 0
1.08657 0.668091
0.797766 0.667766 0
1.25895 1.40176
0.602802 0.472802 0
1.27277 1.39067
0.506326 0.376326 0
1.22947 1.5826
0.748167 0.618167 0
1.25979 1.579
0.64023 0.51023 0
1.01509 0.690789
0.686874 0.556874 0
1.27165 0.994924
0.45165 0.32165 0
1.26465 0.979626
0.423426 0.293426 0
1.24109 0.77015
0.768957 0.638957 0
1.26439 0.809574
0.57232 0.44232 0
1.38023 1.03744
0.775036 0.645036 0
1.36775 1.06401
0.73065 0.60065 0
1.26428 1.5563
0.766076 0.636076 0
1.25299 1.5974
0.772253 0.642253 0
1.27221 1.58929
0.758348 0.628348 0
1.28002 1.55676
0.760253 0.630253 0
1.31025 1.53479
0.751952 0.621952 0
1.29549 1.54077
0.550835 0.420835 0
1.2793 0.952985
0.733543 0.603543 0
1.13238 0.631695
0.543144 0.413144 0
1.13064 0.665498
0.553508 0.423508 0
1.11638 0.642315
0.468032 0.338032 0
1.28104 0.640169
0.6983 0.5683 0
1.25045 0.640097
0.453737 0.323737 0
1.29263 0.654805
0.54539 0.41539 0
1.12735 1.58247
0.706418 0.576418 0
1.11015 1.58281
0.785546 0.655546 0
1.09952 1.56685
0.651216 0.521216 0
1.28128 0.767763
0.776122 0.646122 0
1.25534 0.761205
0.542497 0.412497 0
1.36803 1.10057
0.699533 0.569533 0
1.28859 0.907522
0.421473 0.291473 0
1.27461 0.920893
0.79198 0.66198 0
1.27676 1.53979
0.525126 0.395126 0
1.28777 0.933522
0.630634 0.500634 0
1.30138 0.884489
0.682601 0.552601 0
1.18765 1.5668
0.771044 0.641044 0
1.30968 1.31194
0.72335 0.59335 0
1.30604 1.29194
0.761766 0.631766 0
1.31441 1.26627
0.715818 0.585818 0
1.24724 0.849445
0.779907 0.649907 0
1.28713 1.33041
0.606354 0.476354 0
1.29178 1.39887
0.678451 0.548451 0
1.30389 1.42188
0.784997 0.654997 0
1.2913 1.31358
0.76549 0.63549 0
1.3094 0.91068
0.717991 0.587991 0
1.29 0.869661
0.595526 0.465526 0
1.30865 1.24263
0.506729 0.376729 0
1.19329 1.59059
0.494522 0.364522 0
1.22919 1.59665
0.508145 0.378145 0
1.28115 1.27705
0.512662 0.382662 0
1.12228 0.690072
0.633882 0.503882 0
1.28932 0.99962
0.453298 0.323298 0
1.2807 1.04742
0.483901 0.353901 0
1.13626 1.56529
0.411206 0.281206 0
1.14488 1.54307
0.514676 0.384676 0
1.3701 1.16402
0.519852 0.389852 0
1.40324 1.23269
0.6425 0.5125 0
1.34291 1.04095
0.405103 0.275103 0
1.37936 1.1532
0.490335 0.360335 0
1.40062 1.29069
0.621564 0.491564 0
1.40169 1.24703
0.548955 0.418955 0
1.37754 1.29274
0.758092 0.628092 0
1.318 0.872141
0.693319 0.563319 0
1.31908 0.900457
0.590167 0.460167 0
0.802659 0.60368
0.620673 0.490673 0
0.805077 0.630255
0.679818 0.549818 0
1.28054 1.23523
0.708872 0.578872 0
1.31891 1.01707
0.627131 0.497131 0
1.35146 1.01478
0.78164 0.65164 0
1.35608 1.03031
0.613434 0.483434 0
1.39789 1.02239
0.762401 0.632401 0
1.3962 1.0462
0.79154 0.66154 0
1.38862 1.0619
0.448512 0.318512 0
1.37552 1.02369
0.527055 0.397055 0
0.970881 1.55785
0.495157 0.365157 0
1.33056 1.301
0.523197 0.393197 0
1.31978 1.28808
0.411438 0.281438 0
1.23427 0.854789
0.521574 0.391574 0
1.42185 1.22978
0.790564 0.660564 0
1.41486 1.26318
0.613398 0.483398 0
1.39728 1.26736
0.571746 0.441746 0
1.30482 0.672521
0.667464 0.537464 0
1.30018 0.694871
0.713962 0.583962 0
1.31556 1.47837
0.635835 0.505835 0
1.33495 1.31552
0.499185 0.369185 0
1.35157 1.3215
0.782934 0.652934 0
1.21193 1.36597
0.628095 0.498095 0
1.28178 1.57747
0.65013 0.52013 0
1.39144 1.16943
0.771325 0.641325 0
1.39196 1.19434
0.666012 0.536012 0
0.80005 0.649152
0.746861 0.616861 0
1.27607 1.44045
0.590606 0.460606 0
1.17663 1.55114
0.457277 0.327277 0
1.1777 1.57688
0.693051 0.563051 0
1.29631 0.778853
0.589837 0.459837 0
1.26807 0.754435
0.552605 0.422605 0
1.29155 0.74135
0.708689 0.578689 0
1.14304 1.58045
0.496121 0.366121 0
1.00762 0.61692
0.600104 0.470104 0
1.32758 1.4929
0.589068 0.459068 0
1.12997 1.59782
0.620038 0.490038 0
0.853508 1.588
0.431776 0.301776 0
1.17673 0.633866
0.587896 0.457896 0
1.20529 0.630405
0.429725 0.299725 0
1.3358 1.27988
0.521134 0.391134 0
1.31097 0.708795
0.753783 0.623783 0
1.32513 0.709229
0.662423 0.532423 0
1.31305 0.686416
0.535417 0.405417 0
1.2577 0.742052
0.464052 0.334052 0
1.31191 1.32904
0.40221 0.27221 0
1.3218 1.34945
0.514542 0.384542 0
1.29614 1.34263
0.500064 0.370064 0
1.32648 1.3361
0.66711 0.53711 0
1.40882 1.15794
0.721494 0.591494 0
0.830936 1.59618
0.712778 0.582778 0
1.29661 0.61784
0.612934 0.482934 0
1.30544 0.633792
0.478433 0.348433 0
1.34831 1.51772
0.419788 0.289788 0
1.33322 1.47992
0.674972 0.544972 0
1.4008 1.21224
0.593341 0.463341 0
1.28608 0.981354
0.621479 0.491479 0
1.39538 1.08107
0.682406 0.552406 0
1.38049 1.07842
0.578301 0.448301 0
1.39451 1.14629
0.510672 0.380672 0
1.34313 1.09109
0.485147 0.355147 0
1.30731 0.73752
0.751402 0.621402 0
1.27775 0.729303
0.670125 0.540125 0
1.12189 0.716532
0.702023 0.572023 0
1.42948 1.25623
0.420899 0.290899 0
1.41918 1.28509
0.484365 0.354365 0
1.16322 0.6985
0.441969 0.311969 0
1.22923 0.636858
0.499918 0.369918 0
1.2637 0.629437
0.409375 0.279375 0
1.3345 1.02606
0.604389 0.474389 0
1.33827 0.993818
0.729514 0.599514 0
1.30235 1.00639
0.582867 0.452867 0
1.35709 0.985548
0.659114 0.529114 0
1.31833 0.990574
0.754015 0.624015 0
1.33112 1.26233
0.400525 0.270525 0
1.25816 1.02267
0.760826 0.630826 0
1.29811 1.03139
0.699741 0.569741 0
1.15961 1.54635
0.465639 0.335639 0
1.16212 1.57332
0.694028 0.564028 0
1.21412 0.657555
0.408533 0.278533 0
1.02902 0.635063
0.532231 0.402231 0
1.0716 0.665859
0.760778 0.630778 0
1.06715 0.63997
0.472231 0.342231 0
1.04534 0.640506
0.558928 0.428928 0
1.31546 0.857535
0.798694 0.668694 0
1.37479 1.0035
0.69067 0.56067 0
1.3319 1.00765
0.648738 0.518738 0
1.28482 1.37534
0.469118 0.339118 0
1.32413 1.04983
0.734104 0.604104 0
1.32848 1.44521
0.530949 0.400949 0
0.984443 0.617702
0.654671 0.524671 0
1.30737 1.35788
0.471718 0.341718 0
1.14433 1.59782
0.462746 0.332746 0
1.15705 1.5899
0.742613 0.612613 0
1.31674 0.832175
0.405737 0.275737 0
1.32567 0.843184
0.723667 0.593667 0
1.41333 1.18706
0.40155 0.27155 0
1.18118 1.53132
0.411817 0.281817 0
1.35452 1.27448
0.632612 0.502612 0
1.35945 1.34047
0.465249 0.335249 0
1.35262 1.29656
0.732933 0.602933 0
1.29124 1.01497
0.681356 0.551356 0
0.948077 0.60522
0.636933 0.506933 0
1.16986 1.59781
0.601813 0.471813 0
1.09658 0.645462
0.509781 0.379781 0
1.31939 1.41752
0.485672 0.355672 0
1.33691 0.893937
0.735789 0.605789 0
1.30279 0.932052
0.620624 0.490624 0
1.324 0.729735
0.554924 0.424924 0
1.34814 0.68495
0.502603 0.372603 0
1.34108 0.728326
0.456825 0.326825 0
1.34901 0.756229
0.655318 0.525318 0
1.19115 0.634696
0.517594 0.387594 0
1.24087 0.623494
0.633845 0.503845 0
1.30158 0.98534
0.546709 0.416709 0
1.279 1.40573
0.510611 0.380611 0
1.36423 1.51072
0.649495 0.519495 0
1.34283 1.50294
0.526872 0.396872 0
1.34198 1.53574
0.655379 0.525379 0
1.36038 1.54389
0.459584 0.329584 0
1.3634 1.52639
0.662789 0.532789 0
1.41726 1.24379
0.450819 0.320819 0
1.33273 0.856278
0.758507 0.628507 0
1.30426 0.841508
0.426185 0.296185 0
1.28261 1.59877
0.632759 0.502759 0
1.29543 1.56597
0.438624 0.308624 0
1.3607 1.48558
0.580804 0.450804 0
1.37857 1.53375
0.765319 0.635319 0
1.38379 1.49122
0.707395 0.577395 0
1.30314 0.820599
0.608283 0.478283 0
1.26576 0.828178
0.682662 0.552662 0
1.41824 1.21322
0.453114 0.323114 0
1.36746 1.08409
0.586517 0.456517 0
0.814665 0.646093
0.575286 0.445286 0
1.28123 1.34779
0.672396 0.542396 0
1.43574 1.21616
0.699973 0.569973 0
1.43899 1.2439
0.733018 0.603018 0
1.44229 1.22876
0.469167 0.339167 0
1.25408 1.28727
0.60694 0.47694 0
1.20315 0.603758
0.598492 0.468492 0
1.19259 0.616559
0.678536 0.548536 0
1.30696 0.958168
0.666317 0.536317 0
1.33037 0.6933
0.643294 0.513294 0
0.968776 0.748243
0.419385 0.289385 0
1.41125 1.08476
0.786206 0.656206 0
1.34233 0.967387
0.751756 0.621756 0
1.37815 1.32098
0.603119 0.473119 0
1.36897 1.2759
0.767309 0.637309 0
1.31381 1.37818
0.432911 0.302911 0
1.41074 1.00101
0.422291 0.292291 0
1.41869 1.04436
0.513334 0.383334 0
1.41199 1.01925
0.409375 0.279375 0
1.28414 0.753357
0.573663 0.443663 0
1.30841 0.807221
0.443666 0.313666 0
1.38193 1.09249
0.584796 0.454796 0
1.32586 1.51963
0.589019 0.459019 0
1.45909 1.20406
0.450331 0.320331 0
1.45121 1.25208
0.773962 0.643962 0
1.30785 1.39383
0.491873 0.361873 0
1.37013 1.30884
0.637202 0.507202 0
1.25085 1.5461
0.40763 0.27763 0
1.33821 1.35635
0.766027 0.636027 0
1.30017 1.37186
0.415259 0.285259 0
1.34309 1.33467
0.694101 0.564101 0
1.44193 1.26383
0.578411 0.448411 0
1.29528 0.725947
0.561272 0.431272 0
1.30239 0.75212
0.510587 0.380587 0
1.35252 0.84297
0.753197 0.623197 0
1.35145 0.874875
0.60119 0.47119 0
1.32778 0.882683
0.587408 0.457408 0
1.42973 1.01787
0.465273 0.335273 0
1.43832 0.992702
0.640632 0.510632 0
1.39098 0.997028
0.531999 0.401999 0
1.3278 1.46552
0.672506 0.542506 0
1.32012 0.663765
0.606244 0.476244 0
1.36222 0.730117
0.54229 0.41229 0
1.35549 0.712923
0.513529 0.383529 0
1.40264 1.09876
0.488015 0.358015 0
1.3363 0.762764
0.620844 0.490844 0
1.37162 0.753067
0.690841 0.560841 0
1.36298 0.773278
0.563506 0.433506 0
1.32429 0.775146
0.433241 0.303241 0
1.26333 1.51844
0.553569 0.423569 0
1.35606 1.17998
0.625629 0.495629 0
1.37749 0.973282
0.445326 0.315326 0
1.33252 1.37256
0.673653 0.543653 0
1.07918 0.620003
0.541093 0.411093 0
1.11612 0.624365
0.637642 0.507642 0
1.27545 0.616133
0.583172 0.453172 0
1.28907 0.605742
0.645552 0.515552 0
1.42605 1.06911
0.748058 0.618058 0
1.41306 1.05817
0.612104 0.482104 0
1.42689 1.03176
0.784045 0.654045 0
1.35364 0.670501
0.73983 0.60983 0
1.37594 0.861859
0.766088 0.636088 0
1.22109 0.614075
0.481252 0.351252 0
1.3029 0.603285
0.529447 0.399447 0
1.39765 0.983206
0.476907 0.346907 0
1.24431 1.40207
0.738731 0.608731 0
1.35725 0.744571
0.699875 0.569875 0
1.39115 1.10989
0.799145 0.669145 0
1.39018 1.12425
0.485794 0.355794 0
1.37064 0.691233
0.674545 0.544545 0
1.27617 0.839219
0.55573 0.42573 0
1.11534 0.667607
0.789257 0.659257 0
1.42016 1.10998
0.599371 0.469371 0
1.29476 0.968726
0.611017 0.481017 0
1.32392 1.40255
0.728001 0.598001 0
1.30672 1.58446
0.68757 0.55757 0
1.3207 1.55698
0.57868 0.44868 0
1.37375 0.956132
0.491763 0.361763 0
1.40871 0.966721
0.705515 0.575515 0
1.34872 0.902345
0.668307 0.538307 0
1.06397 0.610398
0.578594 0.448594 0
1.09685 0.601069
0.419532 0.289532 0
1.38114 0.703774
0.677963 0.547963 0
1.29669 1.23059
0.468911 0.338911 0
1.36043 1.46395
0.667428 0.537428 0
1.38033 1.47704
0.547404 0.417404 0
1.34452 1.46828
0.512015 0.382015 0
1.36208 0.96596
0.511429 0.381429 0
1.38874 0.953879
0.512894 0.382894 0
1.35191 0.935882
0.470888 0.340888 0
1.39797 0.932964
0.625251 0.495251 0
1.33012 0.976399
0.530827 0.400827 0
1.32642 0.945522
0.546977 0.416977 0
1.29998 0.794689
0.583233 0.453233 0
1.32713 0.918684
0.570159 0.440159 0
1.44403 1.02226
0.672909 0.542909 0
1.4404 1.00829
0.522306 0.392306 0
1.45473 1.00906
0.456508 0.326508 0
1.33432 0.826679
0.540886 0.410886 0
1.39692 0.878683
0.624262 0.494262 0
1.37655 0.839544
0.772265 0.642265 0
1.39585 0.845414
0.71102 0.58102 0
1.28117 1.49307
0.414978 0.284978 0
1.28708 1.50965
0.536699 0.406699 0
1.26807 1.0345
0.487661 0.357661 0
1.27085 0.940417
0.635444 0.505444 0
1.26158 0.959221
0.743028 0.613028 0
1.31502 0.789627
0.508805 0.378805 0
1.34478 0.792663
0.722275 0.592275 0
1.43265 0.950364
0.420301 0.290301 0
1.35491 1.44254
0.698166 0.568166 0
1.38448 1.44388
0.786877 0.656877 0
1.43626 1.18728
0.439674 0.309674 0
1.48581 1.229
0.667196 0.537196 0
1.44532 1.19907
0.598505 0.468505 0
1.35859 1.36491
0.64803 0.51803 0
1.32803 0.748659
0.514164 0.384164 0
1.33819 0.77678
0.436244 0.306244 0
1.41418 0.867896
0.414563 0.284563 0
1.39697 0.8257
0.527799 0.397799 0
1.41516 0.841075
0.797949 0.667949 0
1.34504 0.653775
0.494485 0.364485 0
1.32361 0.644023
0.67441 0.54441 0
1.32793 0.676812
0.554753 0.424753 0
1.37263 1.45627
0.767284 0.637284 0
1.39769 1.45269
0.627375 0.497375 0
1.37054 1.44105
0.778881 0.648881 0
1.39442 1.43108
0.454579 0.324579 0
1.33253 1.43088
0.460036 0.330036 0
1.3774 1.55467
0.47615 0.34615 0
1.37602 1.51868
0.73961 0.60961 0
1.34237 1.55827
0.786389 0.656389 0
1.2786 0.969505
0.617194 0.487194 0
1.39277 0.968684
0.763475 0.633475 0
1.36724 0.932302
0.55208 0.42208 0
1.33802 0.870013
0.473281 0.343281 0
1.41643 1.14389
0.740611 0.610611 0
1.40388 1.46705
0.76986 0.63986 0
1.47894 1.24548
0.41637 0.28637 0
1.36602 0.891574
0.590228 0.460228 0
1.38225 1.36239
0.779846 0.649846 0
1.34391 1.38572
0.523344 0.393344 0
1.37774 1.37609
0.418079 0.288079 0
1.34545 0.951509
0.571245 0.441245 0
1.32382 1.58889
0.760363 0.630363 0
1.32582 1.38707
0.765001 0.635001 0
1.35557 1.39821
0.481875 0.351875 0
1.35994 0.857839
0.798779 0.668779 0
1.45058 1.04363
0.465529 0.335529 0
1.29038 0.812756
0.752635 0.622635 0
0.988749 0.601718
0.410242 0.280242 0
1.32088 0.959958
0.537455 0.407455 0
1.28354 0.787981
0.685189 0.555189 0
1.16164 0.623147
0.565423 0.435423 0
1.30444 1.55291
0.419813 0.289813 0
1.37872 0.774235
0.775048 0.645048 0
1.38702 0.743099
0.542998 0.412998 0
1.34743 1.42459
0.771654 0.641654 0
1.35364 0.999953
0.787964 0.657964 0
1.36868 0.824604
0.532804 0.402804 0
1.39771 0.901955
0.415235 0.285235 0
1.38346 0.901108
0.522355 0.392355 0
1.43488 1.0996
0.621931 0.491931 0
1.33649 0.933871
0.607904 0.477904 0
1.04225 0.613501
0.55352 0.42352 0
1.37568 1.11566
0.533183 0.403183 0
1.36589 1.40869
0.763207 0.633207 0
1.30767 0.769459
0.510416 0.380416 0
1.38518 1.46255
0.523905 0.393905 0
1.37474 0.987032
0.41709 0.28709 0
1.34279 1.57395
0.43954 0.30954 0
1.37275 0.799302
0.557329 0.427329 0
1.41313 0.8035
0.774926 0.644926 0
1.42458 0.785052
0.430274 0.300274 0
1.39646 0.784736
0.677108 0.547108 0
1.23092 0.600825
0.485989 0.355989 0
1.25027 0.611563
0.646968 0.516968 0
1.32195 0.813652
0.693905 0.563905 0
1.26452 0.604068
0.485232 0.355232 0
1.40741 0.761532
0.549773 0.419773 0
1.38761 0.720164
0.535661 0.405661 0
1.34126 0.702451
0.7541 0.6241 0
1.3716 1.57519
0.42649 0.29649 0
1.39871 1.55125
0.458058 0.328058 0
1.38949 1.5757
0.521598 0.391598 0
1.40056 1.49212
0.542778 0.412778 0
1.39342 1.53558
0.784265 0.654265 0
1.41871 1.43936
0.523441 0.393441 0
1.44071 1.30635
0.77893 0.64893 0
1.40087 1.30911
0.401709 0.271709 0
1.35908 0.808645
0.540495 0.410495 0
1.31501 1.50228
0.778344 0.648344 0
1.34726 0.817756
0.475466 0.345466 0
1.45819 1.23723
0.432325 0.302325 0
1.46279 1.22055
0.77622 0.64622 0
1.38812 0.797239
0.423658 0.293658 0
1.35978 1.38264
0.476626 0.346626 0
1.38843 1.40223
0.4339 0.3039 0
1.32231 1.57279
0.707053 0.577053 0
1.39877 1.5063
0.572039 0.442039 0
1.37338 1.34212
0.565789 0.435789 0
1.386 1.33494
0.692477 0.562477 0
1.47005 1.04817
0.766564 0.636564 0
1.45838 1.03064
0.648091 0.518091 0
1.43319 0.863173
0.493521 0.363521 0
1.4402 0.842525
0.482998 0.352998 0
1.40191 0.858235
0.549528 0.419528 0
1.41251 0.890672
0.608148 0.478148 0
1.4395 0.885534
0.768358 0.638358 0
1.46402 0.984238
0.547368 0.417368 0
1.41737 0.983218
0.428175 0.298175 0
1.08145 0.643639
0.542131 0.412131 0
1.14943 1.55907
0.501236 0.371236 0
1.41789 0.90673
0.410645 0.280645 0
1.42343 1.30297
0.653243 0.523243 0
1.40271 1.32418
0.619794 0.489794 0
1.47843 1.01014
0.616633 0.486633 0
1.46304 0.963316
0.798157 0.668157 0
1.48728 0.980594
0.752965 0.622965 0
1.44544 0.967442
0.544194 0.414194 0
1.37358 1.39174
0.542351 0.412351 0
1.46699 0.998346
0.415687 0.285687 0
1.49855 0.992556
0.642036 0.512036 0
1.09957 1.59444
0.67452 0.54452 0
1.41188 1.40999
0.690854 0.560854 0
1.40497 1.38682
0.555779 0.425779 0
1.3965 1.34668
0.653352 0.523352 0
1.4289 1.42051
0.78103 0.65103 0
1.42582 1.39308
0.444447 0.314447 0
1.32644 1.54222
0.791931 0.661931 0
1.38553 0.922589
0.704819 0.574819 0
1.34349 0.916987
0.594562 0.464562 0
1.43704 1.13459
0.756981 0.626981 0
1.40742 1.1255
0.423829 0.293829 0
1.44046 1.11282
0.613898 0.483898 0
1.17723 1.37936
0.513004 0.383004 0
1.41818 1.31745
0.684213 0.554213 0
1.44906 1.29074
0.535905 0.405905 0
1.43663 1.32896
0.572198 0.442198 0
1.4483 0.760204
0.627277 0.497277 0
1.44327 0.797829
0.555864 0.425864 0
1.42287 1.54898
0.531352 0.401352 0
1.41694 1.52989
0.592853 0.462853 0
1.41664 1.57018
0.429469 0.299469 0
1.45166 0.943737
0.701413 0.571413 0
1.42177 0.935433
0.40481 0.27481 0
1.47258 1.20975
0.742955 0.612955 0
1.45628 1.18394
0.565349 0.435349 0
1.4571 0.850076
0.442274 0.312274 0
1.43179 0.831153
0.615595 0.485595 0
1.42243 1.34244
0.573687 0.443687 0
1.422 1.37255
0.594024 0.464024 0
1.39567 1.37071
0.663057 0.533057 0
1.44437 1.54033
0.424244 0.294244 0
1.36046 0.919966
0.760656 0.630656 0
1.40054 1.52308
0.517106 0.387106 0
1.37935 0.87933
0.673971 0.543971 0
1.26589 1.41472
0.554912 0.424912 0
1.49968 1.02773
0.566717 0.436717 0
1.49496 1.01066
0.439857 0.309857 0
1.4814 1.03028
0.677401 0.547401 0
1.4342 1.28046
0.645991 0.515991 0
1.45361 1.05857
0.54019 0.41019 0
1.31885 0.620245
0.52692 0.39692 0
1.32175 0.604083
0.5507 0.4207 0
0.833524 0.601102
0.551518 0.421518 0
1.16345 0.606896
0.460573 0.330573 0
1.47117 0.948592
0.415052 0.285052 0
1.4973 1.26046
0.658003 0.528003 0
1.46128 1.26385
0.755895 0.625895 0
1.47854 1.1955
0.744407 0.614407 0
1.49563 1.19734
0.64543 0.51543 0
1.40131 0.730412
0.603363 0.473363 0
1.42409 0.72497
0.564312 0.434312 0
1.42436 0.710093
0.523869 0.393869 0
1.42177 0.750794
0.477895 0.347895 0
1.2159 1.34439
0.437843 0.307843 0
1.34941 1.59812
0.531608 0.401608 0
1.44166 1.0697
0.610541 0.480541 0
1.43405 0.912244
0.649873 0.519873 0
1.43743 1.43913
0.633015 0.503015 0
1.40967 1.42382
0.591717 0.461717 0
1.05347 0.624246
0.556694 0.426694 0
1.0208 0.623627
0.642183 0.512183 0
1.33562 0.809436
0.533317 0.403317 0
1.49579 1.17825
0.750511 0.620511 0
1.46833 0.864509
0.426893 0.296893 0
1.47151 0.838123
0.614447 0.484447 0
1.36139 1.42719
0.799927 0.669927 0
1.449 1.4579
0.604437 0.474437 0
1.44705 1.42604
0.492178 0.362178 0
1.42366 1.46472
0.772546 0.642546 0
1.40884 0.817725
0.758361 0.628361 0
1.41013 0.788239
0.547392 0.417392 0
1.42565 0.810408
0.659371 0.529371 0
1.41638 1.50363
0.730552 0.600552 0
1.42781 1.47928
0.562676 0.432676 0
1.15007 0.632082
0.528336 0.398336 0
1.37014 0.662739
0.448097 0.318097 0
1.29983 0.898705
0.429737 0.299737 0
1.38469 0.678145
0.688449 0.558449 0
1.33933 1.41134
0.42234 0.29234 0
1.33821 0.628521
0.52797 0.39797 0
1.43463 1.0547
0.777148 0.647148 0
1.46535 1.07006
0.667183 0.537183 0
1.4638 1.41543
0.677218 0.547218 0
1.45853 1.44148
0.628388 0.498388 0
1.48494 1.05259
0.766039 0.636039 0
1.38981 1.38565
0.774694 0.644694 0
1.38912 1.41685
0.49855 0.36855 0
1.4696 1.42956
0.43346 0.30346 0
1.45876 1.08282
0.441066 0.311066 0
1.44316 1.40763
0.585784 0.455784 0
1.36521 0.644827
0.635578 0.505578 0
1.48574 1.39991
0.67474 0.54474 0
1.46277 1.40061
0.470388 0.340388 0
1.39237 0.762316
0.507938 0.377938 0
1.29828 1.59751
0.430128 0.300128 0
1.1473 0.617459
0.633869 0.503869 0
1.12828 0.611251
0.487307 0.357307 0
1.43183 0.766651
0.606317 0.476317 0
1.44016 0.817922
0.591571 0.461571 0
1.46642 0.821989
0.468142 0.338142 0
1.43383 1.59228
0.563909 0.433909 0
1.46567 1.47025
0.432752 0.302752 0
1.42836 1.45013
0.55988 0.42988 0
1.457 1.31518
0.571026 0.441026 0
1.41341 1.35487
0.779357 0.649357 0
1.46761 0.775315
0.571123 0.441123 0
1.45902 0.802525
0.719651 0.589651 0
1.44966 0.983306
0.780468 0.650468 0
1.11258 0.608383
0.445045 0.315045 0
1.48678 1.27342
0.411548 0.281548 0
1.49336 1.28764
0.727171 0.597171 0
1.4513 1.12683
0.447218 0.317218 0
1.45733 1.10412
0.749486 0.619486 0
1.47553 1.26283
0.466164 0.336164 0
1.49775 1.31434
0.613495 0.483495 0
1.47778 1.31312
0.576006 0.446006 0
1.40978 0.704359
0.784985 0.654985 0
1.31968 1.16286
0.538615 0.408615 0
1.3547 0.618071
0.725681 0.595681 0
1.40452 0.951487
0.651668 0.521668 0
1.48929 0.961318
0.719089 0.589089 0
1.25285 1.37172
0.460085 0.330085 0
1.4659 1.56186
0.768786 0.638786 0
1.45132 1.52755
0.563054 0.433054 0
1.43495 1.52527
0.472903 0.342903 0
1.43958 1.55483
0.704196 0.574196 0
1.39098 0.811152
0.411255 0.281255 0
1.33517 0.611927
0.637104 0.507104 0
1.36374 0.606705
0.468996 0.338996 0
1.49022 1.42767
0.793249 0.663249 0
1.49243 1.4512
0.515995 0.385995 0
1.44153 1.46995
0.595465 0.465465 0
1.3699 1.59539
0.411341 0.281341 0
1.39686 1.59112
0.408496 0.278496 0
1.39304 0.652945
0.659749 0.529749 0
1.39729 0.637114
0.446376 0.316376 0
1.46857 1.12211
0.659761 0.529761 0
1.43586 1.085
0.716782 0.586782 0
1.44538 1.38285
0.403259 0.273259 0
1.48022 1.38406
0.524186 0.394186 0
1.46527 1.38623
0.561455 0.431455 0
1.46049 1.33679
0.42588 0.29588 0
1.44684 1.34237
0.774755 0.644755 0
1.49469 0.859023
0.488968 0.358968 0
1.49492 0.834165
0.701987 0.571987 0
1.46021 1.27864
0.48168 0.35168 0
1.45865 1.1684
0.629121 0.499121 0
1.4241 1.16703
0.498868 0.368868 0
1.3861 1.30915
0.638362 0.508362 0
1.45714 1.36203
0.718796 0.588796 0
1.47281 0.734986
0.745482 0.615482 0
1.4595 0.74549
0.767589 0.637589 0
1.41494 0.632497
0.676632 0.546632 0
1.41201 0.6514
0.777905 0.647905 0
1.47652 1.28529
0.725401 0.595401 0
1.47404 1.09942
0.719431 0.589431 0
1.47981 1.08253
0.456447 0.326447 0
1.44188 0.924397
0.601862 0.471862 0
1.47728 1.18123
0.75454 0.62454 0
1.4999 1.39584
0.754686 0.624686 0
1.3956 0.694272
0.505325 0.375325 0
1.03375 0.600588
0.423292 0.293292 0
1.16503 0.645669
0.489944 0.359944 0
1.47866 1.54148
0.637532 0.507532 0
1.47007 1.50701
0.724705 0.594705 0
1.45355 0.891616
0.756017 0.626017 0
1.46398 0.905455
0.735752 0.605752 0
1.45435 0.877602
0.719102 0.589102 0
1.47769 0.913745
0.770727 0.640727 0
1.07652 0.602937
0.702841 0.572841 0
1.42382 0.689569
0.569512 0.439512 0
1.48015 1.36852
0.408252 0.278252 0
1.42769 0.654828
0.691964 0.561964 0
1.41179 0.610007
0.692477 0.562477 0
1.43456 0.614868
0.782006 0.652006 0
1.47545 0.932562
0.502518 0.372518 0
1.4988 0.946011
0.786718 0.656718 0
1.48993 0.930446
0.757567 0.627567 0
1.49967 1.24629
0.692563 0.562563 0
1.36698 0.629966
0.591607 0.461607 0
1.48441 0.771107
0.642293 0.512293 0
1.44736 1.14514
0.46686 0.33686 0
1.44913 0.783117
0.402979 0.272979 0
1.41449 0.774843
0.546147 0.416147 0
1.38717 0.624456
0.718857 0.588857 0
1.46568 1.14671
0.423658 0.293658 0
1.49413 0.91019
0.752013 0.622013 0
1.49757 0.894365
0.50408 0.37408 0
1.4235 1.1285
0.440272 0.310272 0
1.43839 1.35976
0.643245 0.513245 0
1.49843 1.21948
0.633088 0.503088 0
1.49051 0.747874
0.767174 0.637174 0
1.45377 0.713119
0.554595 0.424595 0
1.49659 0.713138
0.521586 0.391586 0
1.42986 0.638333
0.738108 0.608108 0
1.45166 1.50436
0.420215 0.290215 0
1.44157 1.49022
0.526347 0.396347 0
1.49842 1.51929
0.508182 0.378182 0
1.4958 1.53383
0.589154 0.459154 0
1.45677 1.55096
0.485379 0.355379 0
1.46591 1.5349
0.72363 0.59363 0
0.947752 0.724694
0.595062 0.465062 0
1.48988 1.06677
0.72125 0.59125 0
1.44673 1.57268
0.424183 0.294183 0
1.01569 0.601401
0.562041 0.432041 0
1.35763 0.698851
0.534843 0.404843 0
1.408 0.684742
0.478286 0.348286 0
1.45542 0.690939
0.599713 0.469713 0
1.47373 0.69284
0.768212 0.638212 0
1.37098 0.716838
0.50015 0.37015 0
1.10174 0.629472
0.484744 0.354744 0
1.44058 1.16442
0.71135 0.58135 0
1.47832 0.875847
0.52537 0.39537 0
1.42865 0.674277
0.696994 0.566994 0
1.47908 1.57811
0.655733 0.525733 0
1.48163 0.808006
0.41482 0.28482 0
1.43885 0.743165
0.46343 0.33343 0
1.41441 1.58722
0.64438 0.51438 0
1.49542 0.675151
0.407678 0.277678 0
1.47877 0.714459
0.539787 0.409787 0
1.406 0.746842
0.656124 0.526124 0
1.43777 0.720316
0.6331 0.5031 0
1.43817 0.700583
0.732591 0.602591 0
1.43058 0.976176
0.717637 0.587637 0
1.41349 1.4532
0.587591 0.457591 0
1.48452 1.46448
0.475698 0.345698 0
1.4436 0.660494
0.797705 0.667705 0
1.44869 0.67392
0.631904 0.501904 0
1.44775 0.635807
0.651143 0.521143 0
1.49987 1.37814
0.460427 0.330427 0
1.4742 1.44881
0.733738 0.603738 0
1.47155 0.760996
0.703928 0.573928 0
1.469 0.792025
0.542436 0.412436 0
1.01603 0.641405
0.421632 0.291632 0
1.34338 1.45121
0.473782 0.343782 0
1.10188 0.658644
0.625983 0.495983 0
1.40594 0.665712
0.509696 0.379696 0
1.4739 1.52064
0.639033 0.509033 0
1.35587 1.58074
0.705527 0.575527 0
1.35826 1.56348
0.754845 0.624845 0
1.38029 0.644649
0.423524 0.293524 0
1.47617 1.15947
0.47831 0.34831 0
1.49378 1.15527
0.599164 0.469164 0
1.46181 0.636771
0.777721 0.647721 0
1.46505 0.680343
0.62873 0.49873 0
1.46894 0.649581
0.48583 0.35583 0
1.48609 1.13897
0.773717 0.643717 0
1.48153 0.995833
0.663533 0.533533 0
1.48169 1.34259
0.740562 0.610562 0
1.46689 1.35011
0.649507 0.519507 0
1.48141 0.672197
0.564031 0.434031 0
1.30822 0.649044
0.711801 0.581801 0
1.46486 1.59511
0.748216 0.618216 0
1.48421 1.59738
0.538749 0.408749 0
1.49939 1.58249
0.451161 0.321161 0
1.48412 1.55948
0.511637 0.381637 0
1.49886 1.13148
0.587628 0.457628 0
1.48302 1.11225
0.435731 0.305731 0
1.43988 0.686553
0.718418 0.588418 0
1.37834 0.606899
0.423475 0.293475 0
1.49321 1.09371
0.546452 0.416452 0
1.451 0.732789
0.770678 0.640678 0
1.19483 0.886753
0.795764 0.665764 0
1.48059 0.637536
0.595904 0.465904 0
1.49902 1.08078
0.663558 0.533558 0
0.869675 1.59732
0.573309 0.443309 0
1.49504 1.47561
0.754967 0.624967 0
1.45305 0.834616
0.730149 0.600149 0
1.45987 0.616048
0.685409 0.555409 0
1.49788 0.654115
0.653572 0.523572 0
1.49749 0.630559
0.61811 0.48811 0
1.46142 0.662072
0.404724 0.274724 0
1.47392 0.621099
0.742235 0.612235 0
1.48859 1.32504
0.623383 0.493383 0
1.46127 1.57818
0.541752 0.411752 0
1.43053 0.897668
0.772839 0.642839 0
1.48867 0.699352
0.705966 0.575966 0
1.44929 1.58826
0.672567 0.542567 0
1.49596 0.812814
0.739476 0.609476 0
1.49992 1.55679
0.644722 0.514722 0
1.49582 0.791865
0.792908 0.662908 0
1.37682 1.42437
0.411023 0.281023 0
1.43126 1.20108
0.605121 0.475121 0
1.48896 1.50573
0.567852 0.437852 0
1.40282 0.919243
0.573296 0.443296 0
1.46964 0.88837
0.489944 0.359944 0
1.34914 0.600351
0.699472 0.569472 0
1.49863 1.35728
0.717246 0.587246 0
1.49959 1.33633
0.550493 0.420493 0
1.43433 1.51122
0.514298 0.384298 0
1.46448 1.49326
0.662484 0.532484 0
1.48203 1.48524
0.608307 0.478307 0
1.4325 1.15095
0.672152 0.542152 0
1.48116 0.606609
0.559294 0.429294 0
1.45489 1.48207
0.713999 0.583999 0
1.45154 0.599449
0.445021 0.315021 0
1.46692 0.600725
0.735911 0.605911 0
1.49787 0.615697
0.60329 0.47329 0
3.44428 3.97483
0 0.3 0.7
3.45163 3.99403
0 0.3 0.7
3.46759 3.95185
0 0.3 0.7
3.45369 3.95375
0 0.3 0.7
3.4662 3.998
0 0.3 0.7
3.45918 3.97383
0 0.3 0.7
3.42373 3.99535
0 0.3 0.7
3.47551 3.97031
0 0.3 0.7
3.47604 3.93192
0 0.3 0.7
3.45871 3.91932
0 0.3 0.7
3.47985 3.98834
0 0.3 0.7
3.48299 4.01906
0 0.3 0.7
3.44464 4.01451
0 0.3 0.7
3.42474 4.01458
0 0.3 0.7
3.41736 4.02823
0 0.3 0.7
3.44848 4.04055
0 0.3 0.7
3.43285 4.02817
0 0.3 0.7
3.45838 4.0183
0 0.3 0.7
3.43907 3.95902
0 0.3 0.7
3.48156 3.95279
0 0.3 0.7
3.44164 3.94225
0 0.3 0.7
3.42754 3.94997
0 0.3 0.7
3.41308 3.93462
0 0.3 0.7
3.49047 3.92958
0 0.3 0.7
3.41073 3.95609
0 0.3 0.7
3.39555 3.96144
0 0.3 0.7
3.43138 3.92592
0 0.3 0.7
3.4927 4.00205
0 0.3 0.7
3.4893 3.9744
0 0.3 0.7
3.41853 3.91981
0 0.3 0.7
3.39562 3.92422
0 0.3 0.7
3.46134 3.93696
0 0.3 0.7
3.46899 4.0323
0 0.3 0.7
3.4809 4.04105
0 0.3 0.7
3.45483 4.06669
0 0.3 0.7
3.48856 4.06405
0 0.3 0.7
3.46492 4.05514
0 0.3 0.7
3.44671 4.05475
0 0.3 0.7
3.44084 4.06962
0 0.3 0.7
3.4618 4.07924
0 0.3 0.7
3.40518 3.97278
0 0.3 0.7
3.42521 4.04477
0 0.3 0.7
3.40917 4.05763
0 0.3 0.7
3.47452 4.09547
0 0.3 0.7
3.44658 4.09554
0 0.3 0.7
3.40079 4.03779
0 0.3 0.7
3.41561 4.07071
0 0.3 0.7
3.4283 4.06193
0 0.3 0.7
3.42838 4.08497
0 0.3 0.7
3.45126 4.10971
0 0.3 0.7
3.39595 3.94118
0 0.3 0.7
3.40364 4.01143
0 0.3 0.7
3.42531 4.10744
0 0.3 0.7
3.49251 4.11692
0 0.3 0.7
3.47888 4.07869
0 0.3 0.7
3.47321 4.11128
0 0.3 0.7
3.40434 4.10732
0 0.3 0.7
3.4053 4.09145
0 0.3 0.7
3.49217 4.10269
0 0.3 0.7
3.40167 3.9868
0 0.3 0.7
3.39478 4.07598
0 0.3 0.7
