2217
0.800874 1.14796
0.553825 0.423825 0
0.81679 1.12997
0.485647 0.355647 0
0.81289 1.15872
0.667818 0.537818 0
0.802865 1.13149
0.64366 0.51366 0
0.817688 1.10591
0.783325 0.653325 0
0.8324 1.14607
0.660298 0.530298 0
0.842362 1.12718
0.449049 0.319049 0
0.834132 1.09942
0.500821 0.370821 0
0.850023 1.10422
0.460012 0.330012 0
0.868786 1.12627
0.533341 0.403341 0
0.815918 1.09153
0.577593 0.447593 0
0.876041 1.08746
0.701083 0.571083 0
0.852744 1.08521
0.614826 0.484826 0
0.830062 1.11638
0.662227 0.532227 0
0.861274 1.15001
0.630537 0.500537 0
0.831506 1.07933
0.564959 0.434959 0
0.849395 1.16504
0.530973 0.400973 0
0.835578 1.16735
0.463076 0.333076 0
0.880648 1.13525
0.761986 0.631986 0
0.87032 1.1854
0.622431 0.492431 0
0.829928 1.18884
0.64134 0.51134 0
0.852877 1.18613
0.76881 0.63881 0
0.819482 1.07153
0.678951 0.548951 0
0.815066 1.18379
0.535514 0.405514 0
0.809655 1.21567
0.610846 0.480846 0
0.828641 1.04465
0.431617 0.301617 0
0.806216 1.05857
0.483547 0.353547 0
0.839221 1.06622
0.62154 0.49154 0
0.802128 1.08042
0.616669 0.486669 0
0.882633 1.1184
0.532707 0.402707 0
0.805358 1.20123
0.694137 0.564137 0
0.820201 1.20029
0.639656 0.509656 0
0.835773 1.20181
0.43849 0.30849 0
0.816496 1.14404
0.761376 0.631376 0
0.907599 1.1208
0.557854 0.427854 0
0.88022 1.10457
0.503299 0.373299 0
0.901454 1.09952
0.771422 0.641422 0
0.893723 1.08157
0.726182 0.596182 0
0.863101 1.06686
0.767138 0.637138 0
0.892856 1.06682
0.580731 0.450731 0
0.86254 1.04853
0.574126 0.444126 0
0.80225 1.17801
0.760741 0.630741 0
0.932017 1.09627
0.492496 0.362496 0
0.898801 1.13661
0.646492 0.516492 0
0.931009 1.1366
0.464553 0.334553 0
0.913467 1.13572
0.586358 0.456358 0
0.843355 1.04751
0.444337 0.314337 0
0.879035 1.06107
0.746129 0.616129 0
0.896982 1.15271
0.775878 0.645878 0
0.922339 1.11491
0.794433 0.664433 0
0.850152 1.20876
0.676156 0.546156 0
0.927267 1.08279
0.636604 0.506604 0
0.905072 1.04204
0.684994 0.554994 0
0.938849 1.0609
0.710605 0.580605 0
0.945427 1.10224
0.44153 0.31153 0
0.944663 1.0852
0.665108 0.535108 0
0.835341 1.23242
0.626325 0.496325 0
0.806382 1.23289
0.403748 0.273748 0
0.810608 1.02766
0.417713 0.287713 0
0.844588 1.02667
0.748595 0.618595 0
0.882575 1.16
0.403125 0.273125 0
0.915303 1.15196
0.401758 0.271758 0
0.82566 1.02088
0.607941 0.477941 0
0.825419 1.22019
0.716562 0.586562 0
0.83228 1.24881
0.40907 0.27907 0
0.802907 1.25179
0.476955 0.346955 0
0.804432 1.04374
0.635261 0.505261 0
0.879998 1.04552
0.679733 0.549733 0
0.880864 1.02897
0.772411 0.642411 0
0.850056 1.23949
0.663546 0.533546 0
0.949866 1.12601
0.540263 0.410263 0
0.931207 1.15179
0.686874 0.556874 0
0.942833 1.15982
0.635322 0.505322 0
0.908667 1.17438
0.669539 0.539539 0
0.955335 1.17109
0.795178 0.665178 0
0.956624 1.14976
0.732456 0.602456 0
0.927276 1.18658
0.780932 0.650932 0
0.857735 1.22161
0.445778 0.315778 0
0.87255 1.26053
0.446828 0.316828 0
0.838242 1.2652
0.777685 0.647685 0
0.896922 1.02757
0.620417 0.490417 0
0.918945 1.06071
0.474477 0.344477 0
0.958159 1.08094
0.501187 0.371187 0
0.930483 1.04593
0.647114 0.517114 0
0.958663 1.05344
0.752916 0.622916 0
0.887009 1.23553
0.53975 0.40975 0
0.860491 1.25127
0.66158 0.53158 0
0.888429 1.26491
0.663753 0.533753 0
0.913401 1.08929
0.510404 0.380404 0
0.915151 1.01675
0.742711 0.612711 0
0.884339 1.00724
0.533464 0.403464 0
0.871212 0.986429
0.484793 0.354793 0
0.899192 0.993573
0.500394 0.370394 0
0.82131 1.23619
0.723545 0.593545 0
0.96269 1.03945
0.608124 0.478124 0
0.821681 1.05736
0.600726 0.470726 0
0.96899 1.1111
0.758654 0.628654 0
0.877311 1.20624
0.453249 0.323249 0
0.861069 1.17418
0.537626 0.407626 0
0.853524 1.26544
0.760179 0.630179 0
0.822829 1.26731
0.524662 0.394662 0
0.88994 1.22179
0.557268 0.427268 0
0.898859 1.18673
0.413868 0.283868 0
0.866313 1.23347
0.583013 0.453013 0
0.913538 1.24743
0.65229 0.52229 0
0.904052 1.21834
0.733677 0.603677 0
0.862561 1.03291
0.56386 0.43386 0
0.894181 1.05089
0.624311 0.494311 0
0.882912 1.1784
0.667916 0.537916 0
0.930407 1.17206
0.628474 0.498474 0
0.919431 1.21339
0.774035 0.644035 0
0.951534 1.2113
0.751512 0.621512 0
0.910989 1.19785
0.688913 0.558913 0
0.975976 1.14006
0.530314 0.400314 0
0.966247 1.09408
0.455922 0.325922 0
0.896988 1.20116
0.497415 0.367415 0
0.904813 1.23638
0.614728 0.484728 0
0.87993 0.966286
0.647383 0.517383 0
0.858125 0.969617
0.665719 0.535719 0
0.894694 0.973029
0.65146 0.52146 0
0.911868 1.27788
0.403052 0.273052 0
0.903212 1.2908
0.728648 0.598648 0
0.863427 1.27645
0.690268 0.560268 0
0.878359 0.949685
0.751744 0.621744 0
0.857653 0.943814
0.643733 0.513733 0
0.904984 0.944272
0.792273 0.662273 0
0.990933 1.09777
0.511966 0.381966 0
0.975986 1.08238
0.540312 0.410312 0
0.968087 1.06935
0.442775 0.312775 0
0.992489 1.11215
0.723533 0.593533 0
0.983823 1.066
0.665072 0.535072 0
0.990519 1.08169
0.444325 0.314325 0
0.97284 1.17813
0.629072 0.499072 0
0.946362 1.18201
0.704709 0.574709 0
1.01105 1.09751
0.795849 0.665849 0
1.00974 1.0809
0.745433 0.615433 0
0.939061 0.995476
0.496219 0.366219 0
0.928012 1.02916
0.639583 0.509583 0
0.937391 1.22334
0.439271 0.309271 0
0.938327 1.25241
0.499869 0.369869 0
0.870382 1.01781
0.492032 0.362032 0
0.839817 1.0133
0.534916 0.404916 0
0.812056 1.01224
0.524479 0.394479 0
0.809756 0.99309
0.671993 0.541993 0
0.854307 1.00483
0.668197 0.538197 0
0.839104 0.995588
0.401477 0.271477 0
0.846271 0.953878
0.721714 0.591714 0
0.846894 0.982017
0.543474 0.413474 0
1.00039 1.15754
0.502567 0.372567 0
0.949985 1.23066
0.437098 0.307098 0
0.951604 1.2606
0.743138 0.613138 0
0.930151 1.27974
0.660775 0.530775 0
0.854349 1.29464
0.706699 0.576699 0
0.877553 1.28328
0.45425 0.32425 0
1.01401 1.11546
0.710105 0.580105 0
0.937213 1.20676
0.583502 0.453502 0
0.968406 1.20345
0.630891 0.500891 0
1.03299 1.08522
0.514689 0.384689 0
1.00947 1.06292
0.699277 0.569277 0
1.04333 1.09849
0.695944 0.565944 0
1.05752 1.10888
0.679525 0.549525 0
1.05258 1.07638
0.533586 0.403586 0
0.817973 0.979981
0.580169 0.450169 0
0.869874 1.00369
0.744407 0.614407 0
0.96911 1.22521
0.549004 0.419004 0
0.967302 1.25086
0.415723 0.285723 0
1.02911 1.10092
0.656612 0.526612 0
1.03733 1.11263
0.762889 0.632889 0
0.924031 0.982555
0.700803 0.570803 0
0.960368 1.0098
0.486184 0.356184 0
0.939293 0.96927
0.624641 0.494641 0
0.989129 1.2224
0.649483 0.519483 0
0.982375 1.24772
0.682284 0.552284 0
1.0599 1.09484
0.57813 0.44813 0
0.897852 0.930874
0.559209 0.429209 0
0.873488 0.926724
0.456044 0.326044 0
0.991469 1.20547
0.507559 0.377559 0
0.985136 1.18709
0.740037 0.610037 0
0.972237 1.26409
0.64239 0.51239 0
0.889863 0.914186
0.453737 0.323737 0
0.920623 0.912845
0.711057 0.581057 0
0.898552 0.95706
0.725022 0.595022 0
0.919177 1.30674
0.545476 0.415476 0
0.889337 1.30299
0.636702 0.506702 0
0.980663 1.03246
0.48627 0.35627 0
0.974656 1.00598
0.424696 0.294696 0
0.9868 1.1513
0.777441 0.647441 0
0.946737 1.30115
0.72667 0.59667 0
0.915071 1.26359
0.722117 0.592117 0
0.919787 1.29204
0.410047 0.280047 0
0.953918 0.980618
0.512308 0.382308 0
0.916436 0.997996
0.74077 0.61077 0
0.874048 1.31233
0.549467 0.419467 0
0.834797 1.30967
0.741758 0.611758 0
0.859956 1.31958
0.608026 0.478026 0
0.836075 1.27916
0.785107 0.655107 0
0.981749 1.12707
0.610334 0.480334 0
1.00918 1.13566
0.412683 0.282683 0
1.02727 1.15184
0.729087 0.599087 0
1.01026 1.18992
0.536662 0.406662 0
1.02433 1.12928
0.462233 0.332233 0
0.9937 1.13456
0.784912 0.654912 0
0.833965 1.33439
0.485684 0.355684 0
0.814808 1.28946
0.675973 0.545973 0
0.835 0.969721
0.53018 0.40018 0
0.935862 0.905481
0.583563 0.453563 0
0.931993 0.933938
0.701755 0.571755 0
0.934769 0.890127
0.733067 0.603067 0
1.00509 1.17279
0.418824 0.288824 0
1.04367 1.15255
0.610492 0.480492 0
0.971661 1.16325
0.724326 0.594326 0
0.943386 1.14315
0.409168 0.279168 0
0.960151 0.995168
0.797339 0.667339 0
0.943585 1.02207
0.53975 0.40975 0
0.825436 0.955893
0.686923 0.556923 0
0.83576 0.930653
0.436756 0.306756 0
1.05212 1.1288
0.669234 0.539234 0
1.03081 1.17372
0.757689 0.627689 0
1.05233 1.17013
0.639253 0.509253 0
0.851091 0.91905
0.440321 0.310321 0
0.867077 0.907478
0.440175 0.310175 0
0.875485 0.887556
0.410071 0.280071 0
0.854836 0.892603
0.655867 0.525867 0
0.985882 1.17113
0.660445 0.530445 0
0.860634 1.33664
0.59566 0.46566 0
0.844815 1.3446
0.618793 0.488793 0
0.973348 0.984078
0.636238 0.506238 0
0.983599 0.994143
0.603632 0.473632 0
0.964682 1.02536
0.40144 0.27144 0
0.986123 1.05148
0.430457 0.300457 0
0.957886 0.888758
0.708664 0.578664 0
0.930907 0.866798
0.680514 0.550514 0
0.915478 0.869708
0.439198 0.309198 0
0.95157 0.901989
0.45967 0.32967 0
0.998876 1.26656
0.550627 0.420627 0
1.00388 1.02643
0.694687 0.564687 0
1.00534 1.01149
0.589715 0.459715 0
0.903739 0.911573
0.589239 0.459239 0
0.915938 0.929319
0.538151 0.408151 0
1.03046 1.20974
0.444923 0.314923 0
1.0246 1.00766
0.476333 0.346333 0
1.01648 1.03483
0.68995 0.55995 0
0.999501 1.04604
0.636348 0.506348 0
0.824207 0.993541
0.703232 0.573232 0
0.958784 0.945951
0.781017 0.651017 0
1.01265 1.22652
0.72241 0.59241 0
0.886397 1.33249
0.744115 0.614115 0
0.922515 0.9534
0.630976 0.500976 0
0.951614 1.28394
0.445497 0.315497 0
0.989264 1.28212
0.783349 0.653349 0
0.835383 1.36328
0.404993 0.274993 0
1.04656 1.19922
0.696042 0.566042 0
1.03539 1.23205
0.570318 0.440318 0
0.975232 0.96792
0.659004 0.529004 0
0.943621 0.949464
0.797241 0.667241 0
0.978552 0.92089
0.753099 0.623099 0
0.875159 1.34179
0.42367 0.29367 0
0.966997 0.877197
0.64803 0.51803 0
0.89484 0.889745
0.514908 0.384908 0
0.921047 0.895763
0.749705 0.619705 0
1.06972 1.17291
0.773229 0.643229 0
1.04312 1.18416
0.416407 0.286407 0
1.07126 1.18793
0.453249 0.323249 0
1.0252 1.19143
0.520719 0.390719 0
0.902163 1.25804
0.752904 0.622904 0
0.890606 1.24926
0.446913 0.316913 0
0.948281 0.927763
0.510184 0.380184 0
0.977892 0.93868
0.533427 0.403427 0
1.06628 1.07125
0.677413 0.547413 0
1.07733 1.0814
0.445619 0.315619 0
1.07432 1.22577
0.616926 0.486926 0
1.0987 1.08669
0.446034 0.316034 0
1.09324 1.058
0.616889 0.486889 0
1.08594 1.09342
0.467922 0.337922 0
1.09797 1.10212
0.409815 0.279815 0
1.10301 1.11911
0.541862 0.411862 0
1.11157 1.09344
0.744237 0.614237 0
0.990081 1.0133
0.726609 0.596609 0
1.02903 0.990639
0.456203 0.326203 0
0.804018 0.958292
0.501859 0.371859 0
0.971859 1.28025
0.467544 0.337544 0
1.00025 0.958643
0.64438 0.51438 0
0.989304 0.948356
0.546672 0.416672 0
0.996349 0.932425
0.577911 0.447911 0
0.963931 0.923897
0.760302 0.630302 0
0.817946 1.25057
0.713584 0.583584 0
0.819871 1.32081
0.766198 0.636198 0
0.813894 1.30675
0.429383 0.299383 0
0.955947 0.8667
0.701584 0.571584 0
1.06859 1.05129
0.52526 0.39526 0
1.03642 1.13751
0.45663 0.32663 0
1.08238 1.10716
0.685531 0.555531 0
0.818984 0.928697
0.639045 0.509045 0
0.859953 1.3521
0.530387 0.400387 0
0.889095 1.36449
0.783276 0.653276 0
1.04538 0.97447
0.496036 0.366036 0
1.0434 1.01077
0.587017 0.457017 0
1.02654 0.974856
0.495535 0.365535 0
0.897758 0.86289
0.417591 0.287591 0
0.868118 0.865344
0.53256 0.40256 0
1.01361 0.96854
0.67225 0.54225 0
1.01211 0.929016
0.615705 0.485705 0
0.890378 1.34633
0.449135 0.319135 0
0.909161 1.33916
0.703293 0.573293 0
0.874394 1.38629
0.63979 0.50979 0
0.903964 1.36497
0.64648 0.51648 0
0.870263 1.29697
0.438575 0.308575 0
1.06513 1.20391
0.443532 0.313532 0
1.09333 1.20962
0.431605 0.301605 0
1.05354 1.22127
0.618451 0.488451 0
1.08986 1.22749
0.52487 0.39487 0
1.08691 1.24455
0.444435 0.314435 0
1.06619 1.23962
0.450282 0.320282 0
0.997543 0.989434
0.495962 0.365962 0
0.990041 0.977008
0.698752 0.568752 0
0.824447 1.38255
0.482498 0.352498 0
0.859284 1.38851
0.720371 0.590371 0
0.841827 1.37845
0.743052 0.613052 0
0.812997 1.37105
0.555022 0.425022 0
0.946249 1.00812
0.612445 0.482445 0
0.932125 1.01006
0.759948 0.629948 0
1.11488 1.22679
0.7588 0.6288 0
1.11654 1.18416
0.636506 0.506506 0
0.840118 1.29443
0.785803 0.655803 0
1.13923 1.2157
0.574786 0.444786 0
1.13408 1.24945
0.744761 0.614761 0
1.12748 1.20579
0.681637 0.551637 0
0.962363 1.18772
0.557756 0.427756 0
1.04255 1.04049
0.58775 0.45775 0
1.02691 1.04464
0.767003 0.637003 0
1.1072 1.2453
0.688571 0.558571 0
1.05406 1.0546
0.744896 0.614896 0
1.03812 1.06192
0.515726 0.385726 0
0.854839 1.40301
0.574981 0.444981 0
0.898566 1.41038
0.508292 0.378292 0
1.03035 0.958561
0.696078 0.566078 0
1.01098 0.947062
0.606867 0.476867 0
0.921345 1.36544
0.740184 0.610184 0
1.06018 1.15571
0.678976 0.548976 0
1.08275 1.16382
0.639216 0.509216 0
1.06031 1.14065
0.450295 0.320295 0
1.08505 1.13538
0.676571 0.546571 0
0.916149 1.3221
0.614277 0.484277 0
0.93967 1.32626
0.766234 0.636234 0
0.924647 1.23358
0.771178 0.641178 0
0.923278 0.881349
0.505765 0.375765 0
0.836228 1.41271
0.458168 0.328168 0
0.884665 1.41557
0.518912 0.388912 0
0.869074 1.37068
0.623286 0.493286 0
0.941499 0.847779
0.729148 0.599148 0
0.914197 0.853542
0.718528 0.588528 0
1.06406 1.01956
0.537931 0.407931 0
1.05155 0.988784
0.591815 0.461815 0
0.872688 1.32709
0.669417 0.539417 0
0.889761 1.39422
0.792138 0.662138 0
1.08446 1.18305
0.73773 0.60773 0
1.08891 1.14944
0.418812 0.288812 0
0.910335 1.44163
0.444398 0.314398 0
0.87184 1.42745
0.493728 0.363728 0
0.989019 0.869047
0.569634 0.439634 0
0.977583 0.89332
0.463771 0.333771 0
1.10027 1.15789
0.6352 0.5052 0
1.1095 1.13975
0.501321 0.371321 0
1.09932 1.18262
0.535771 0.405771 0
0.883669 1.43876
0.611884 0.481884 0
0.860413 1.43979
0.411438 0.281438 0
0.909638 1.40007
0.630451 0.500451 0
0.955501 0.961132
0.616291 0.486291 0
1.0314 0.926185
0.442433 0.312433 0
1.02535 0.944521
0.676046 0.546046 0
0.802618 1.36075
0.649849 0.519849 0
0.819553 1.3999
0.672335 0.542335 0
1.11926 1.27166
0.669906 0.539906 0
0.831933 1.4273
0.592059 0.462059 0
0.834273 1.39594
0.551067 0.421067 0
0.96424 0.847766
0.487246 0.357246 0
0.950531 0.824237
0.470144 0.340144 0
0.918216 0.827795
0.453969 0.323969 0
0.829601 0.917034
0.584442 0.454442 0
0.843222 0.871529
0.508707 0.378707 0
0.897125 1.38195
0.704306 0.574306 0
0.942469 1.36722
0.466079 0.336079 0
0.943062 1.34888
0.773974 0.643974 0
1.01241 0.894341
0.553984 0.423984 0
0.999379 0.853538
0.452785 0.322785 0
0.994953 0.889605
0.790429 0.660429 0
0.946854 1.03792
0.623603 0.493603 0
1.11728 1.16422
0.741038 0.611038 0
1.11168 1.20011
0.472024 0.342024 0
1.0208 1.24895
0.426649 0.296649 0
1.01327 1.21014
0.727512 0.597512 0
1.0013 0.916832
0.707932 0.577932 0
0.962145 1.29961
0.586297 0.456297 0
0.965069 0.827123
0.686581 0.556581 0
0.982758 1.3224
0.5966 0.4666 0
0.996403 1.34111
0.583013 0.453013 0
0.96172 1.33935
0.627204 0.497204 0
0.996647 1.31038
0.425562 0.295562 0
0.9613 1.31665
0.414124 0.284124 0
1.0496 0.959865
0.56834 0.43834 0
1.06971 0.993913
0.733323 0.603323 0
1.06499 0.975354
0.793664 0.663664 0
0.85432 1.42242
0.632563 0.502563 0
1.04336 0.943539
0.598859 0.468859 0
0.815178 0.907134
0.622565 0.492565 0
0.854171 1.367
0.668551 0.538551 0
0.836817 0.889495
0.724424 0.594424 0
1.1229 1.12587
0.540031 0.410031 0
1.12292 1.14663
0.449648 0.319648 0
1.13372 1.16637
0.533256 0.403256 0
1.14911 1.12087
0.59953 0.46953 0
0.944628 0.878989
0.785998 0.655998 0
1.06792 1.11944
0.461159 0.331159 0
1.14304 1.1367
0.760643 0.630643 0
1.16619 1.15945
0.401135 0.271135 0
1.16509 1.11874
0.521232 0.391232 0
1.15166 1.15924
0.460903 0.330903 0
0.911491 1.38109
0.467629 0.337629 0
0.926607 1.3463
0.593524 0.463524 0
0.815924 1.3489
0.707907 0.577907 0
0.802422 0.929056
0.6978 0.5678 0
1.05668 0.91956
0.501407 0.371407 0
1.01604 0.865911
0.453334 0.323334 0
1.02067 0.912334
0.661434 0.531434 0
1.022 1.31226
0.789013 0.659013 0
0.902703 0.876497
0.720054 0.590054 0
0.847851 1.33044
0.477602 0.347602 0
0.927321 0.842022
0.476968 0.346968 0
0.895231 0.848519
0.690683 0.560683 0
0.800716 1.27601
0.730345 0.600345 0
0.934274 1.38856
0.420362 0.290362 0
0.81656 0.872698
0.569097 0.439097 0
0.863775 0.879628
0.728819 0.598819 0
1.00546 1.28222
0.645039 0.515039 0
1.02637 1.28429
0.470949 0.340949 0
1.01614 1.26766
0.587262 0.457262 0
0.830869 0.847474
0.702915 0.572915 0
1.06059 0.944897
0.62215 0.49215 0
0.986617 0.813457
0.485965 0.355965 0
0.972855 0.802134
0.569573 0.439573 0
0.957793 0.808945
0.674618 0.544618 0
0.939378 0.782579
0.548784 0.418784 0
0.943261 0.811534
0.78789 0.65789 0
0.936069 0.830659
0.597333 0.467333 0
0.998608 1.24359
0.654134 0.524134 0
1.13362 1.19176
0.632026 0.502026 0
1.15748 1.17759
0.642341 0.512341 0
1.18632 1.15857
0.612848 0.482848 0
0.800497 0.91164
0.596747 0.466747 0
0.980629 0.83108
0.659346 0.529346 0
0.978987 0.845862
0.726975 0.596975 0
0.98444 0.783196
0.66307 0.53307 0
1.13534 1.28364
0.722007 0.592007 0
1.1074 1.28077
0.691 0.561 0
1.0324 1.02877
0.504154 0.374154 0
1.15393 1.20383
0.431397 0.301397 0
0.807289 0.858454
0.768102 0.638102 0
0.856005 0.839281
0.54705 0.41705 0
1.0953 0.979325
0.410059 0.280059 0
1.08541 1.00415
0.720469 0.590469 0
1.02939 0.891404
0.593829 0.463829 0
1.13341 1.22938
0.451271 0.321271 0
0.91168 0.805529
0.57271 0.44271 0
0.819212 0.83882
0.547966 0.417966 0
0.844422 0.854609
0.74077 0.61077 0
0.975955 1.33925
0.594769 0.464769 0
1.02171 0.839565
0.771374 0.641374 0
1.00509 0.839025
0.518473 0.388473 0
0.904189 0.827406
0.568072 0.438072 0
1.08555 0.957466
0.781469 0.651469 0
1.00395 0.791982
0.549895 0.419895 0
0.967284 0.789231
0.533403 0.403403 0
0.952632 0.765287
0.572503 0.442503 0
0.971951 0.766057
0.718235 0.588235 0
0.988662 0.906242
0.596503 0.466503 0
1.0937 1.29887
0.50181 0.37181 0
1.07993 0.973523
0.50596 0.37596 0
1.08546 0.989398
0.511979 0.381979 0
0.850676 1.45018
0.702341 0.572341 0
1.03665 1.26773
0.514457 0.384457 0
0.99707 0.823288
0.703366 0.573366 0
0.835459 0.821864
0.736351 0.606351 0
0.810674 0.827281
0.611567 0.481567 0
1.02441 1.07213
0.743712 0.613712 0
1.00521 0.81045
0.633027 0.503027 0
0.98401 0.751185
0.430311 0.300311 0
0.960642 0.74843
0.675362 0.545362 0
1.00778 1.32616
0.731614 0.601614 0
1.04306 1.31092
0.482253 0.352253 0
1.00702 1.30054
0.791504 0.661504 0
1.08218 1.04455
0.622211 0.492211 0
1.04862 1.02762
0.728831 0.598831 0
0.896395 1.42643
0.590655 0.460655 0
0.908771 1.45584
0.526334 0.396334 0
0.923554 1.46214
0.557183 0.427183 0
0.926949 1.41455
0.746861 0.616861 0
1.11823 1.30322
0.543461 0.413461 0
0.902046 1.31761
0.61988 0.48988 0
0.979168 1.36121
0.502664 0.372664 0
0.817297 0.891145
0.785986 0.655986 0
0.828484 0.861821
0.737681 0.607681 0
0.849792 1.46952
0.487613 0.357613 0
0.87291 1.45326
0.592865 0.462865 0
0.831746 1.46198
0.70156 0.57156 0
1.07412 1.14902
0.633235 0.503235 0
1.07907 1.06219
0.47178 0.34178 0
0.817474 1.47489
0.634846 0.504846 0
0.836803 1.47756
0.77102 0.64102 0
0.815596 1.44729
0.501907 0.371907 0
0.879027 0.828696
0.644758 0.514758 0
0.862512 1.47617
0.748424 0.618424 0
0.886626 1.45836
0.624213 0.494213 0
0.880379 1.4713
0.486343 0.356343 0
1.06756 1.26747
0.481948 0.351948 0
0.843055 0.904697
0.597394 0.467394 0
1.10843 0.971858
0.799561 0.669561 0
1.10679 0.999238
0.581732 0.451732 0
1.12193 1.11058
0.566704 0.436704 0
1.1127 1.07021
0.52487 0.39487 0
0.927141 0.80293
0.588324 0.458324 0
1.10317 1.04676
0.552678 0.422678 0
1.093 1.25772
0.489822 0.359822 0
1.00145 1.36334
0.504752 0.374752 0
0.963934 1.35707
0.429884 0.299884 0
0.901857 1.47252
0.59765 0.46765 0
0.904684 1.49553
0.506009 0.376009 0
0.874674 1.48665
0.622321 0.492321 0
1.09944 1.31896
0.520133 0.390133 0
1.13678 1.32816
0.573736 0.443736 0
0.815426 1.41725
0.709922 0.579922 0
0.801048 0.886603
0.596185 0.466185 0
1.0907 1.07205
0.695724 0.565724 0
1.03699 0.862416
0.593841 0.463841 0
0.828517 0.902678
0.494205 0.364205 0
1.12872 1.09333
0.454006 0.324006 0
1.11093 0.957514
0.45652 0.32652 0
1.06384 1.0369
0.409253 0.279253 0
1.01908 0.822919
0.452113 0.322113 0
0.825926 0.805382
0.674899 0.544899 0
0.849773 0.817486
0.589019 0.459019 0
0.83832 0.794458
0.789721 0.659721 0
0.812721 0.800613
0.687094 0.557094 0
1.07694 0.899248
0.710373 0.580373 0
1.14146 1.26503
0.452748 0.322748 0
1.15165 1.23035
0.713742 0.583742 0
0.864152 0.773237
0.491946 0.361946 0
0.844865 0.781243
0.597064 0.467064 0
0.861295 0.804112
0.79281 0.66281 0
0.978312 1.30825
0.78153 0.65153 0
1.02172 1.32849
0.560027 0.430027 0
0.828991 1.44311
0.573089 0.443089 0
0.926416 1.48567
0.540312 0.410312 0
0.890248 0.81295
0.663045 0.533045 0
0.801905 0.871571
0.690951 0.560951 0
0.893398 1.51263
0.61092 0.48092 0
0.911187 1.50873
0.663985 0.533985 0
1.08996 1.01864
0.593841 0.463841 0
1.10967 1.02357
0.553301 0.423301 0
1.1429 1.10704
0.779174 0.649174 0
1.1722 1.13554
0.734727 0.604727 0
1.18823 1.12622
0.730906 0.600906 0
1.19019 1.1067
0.466945 0.336945 0
1.20443 1.14208
0.745775 0.615775 0
1.21382 1.11898
0.466152 0.336152 0
1.05634 0.858436
0.781213 0.651213 0
1.04347 0.885661
0.567364 0.437364 0
0.949274 1.46232
0.535014 0.405014 0
1.13746 1.15208
0.693356 0.563356 0
1.22902 1.12244
0.515506 0.385506 0
1.22641 1.14493
0.514396 0.384396 0
0.925882 0.766724
0.451112 0.321112 0
0.920829 0.781413
0.452406 0.322406 0
1.08179 0.940628
0.779662 0.649662 0
1.07045 0.959458
0.508206 0.378206 0
1.09005 0.925161
0.68049 0.55049 0
1.10222 0.93424
0.623225 0.493225 0
1.01126 1.34041
0.416126 0.286126 0
1.13597 0.95561
0.574651 0.444651 0
1.12 0.939979
0.485659 0.355659 0
1.25256 1.10254
0.798157 0.668157 0
1.21704 1.10103
0.708261 0.578261 0
1.24739 1.13864
0.482669 0.352669 0
0.961622 1.37885
0.702927 0.572927 0
0.987348 1.38221
0.63885 0.50885 0
0.887093 0.875781
0.759557 0.629557 0
1.07837 0.877555
0.456301 0.326301 0
1.05363 0.83372
0.656429 0.526429 0
1.07401 0.836784
0.783947 0.653947 0
0.980337 1.39736
0.62071 0.49071 0
1.01101 1.40666
0.643684 0.513684 0
1.11904 1.32594
0.401245 0.271245 0
1.13424 1.30066
0.57 0.44 0
1.05916 0.877303
0.776769 0.646769 0
1.03585 0.838311
0.705527 0.575527 0
1.21042 1.15627
0.60777 0.47777 0
1.24335 1.16534
0.428224 0.298224 0
1.09595 0.881284
0.406897 0.276897 0
1.09966 0.850788
0.68569 0.55569 0
1.08132 0.863574
0.600043 0.470043 0
1.06165 0.897207
0.619538 0.489538 0
0.84217 0.834855
0.62945 0.49945 0
1.14014 0.923082
0.52631 0.39631 0
1.101 0.913844
0.460475 0.330475 0
1.12402 0.919308
0.570269 0.440269 0
1.23834 1.09816
0.744469 0.614469 0
1.06729 1.31398
0.589862 0.459862 0
1.05648 1.32646
0.513541 0.383541 0
1.05142 1.29691
0.471267 0.341267 0
1.07639 0.917562
0.486563 0.356563 0
1.18479 1.17644
0.550847 0.420847 0
1.21049 1.17416
0.500784 0.370784 0
1.16715 1.19443
0.602826 0.472826 0
1.18232 1.20207
0.700327 0.570327 0
1.16881 1.09309
0.619465 0.489465 0
1.20041 1.08907
0.559783 0.429783 0
1.14211 1.08188
0.447694 0.317694 0
0.858398 1.50744
0.650899 0.520899 0
1.1209 0.98851
0.459816 0.329816 0
1.08442 0.84632
0.719517 0.589517 0
0.88471 1.53377
0.655098 0.525098 0
0.88537 1.49969
0.782275 0.652275 0
0.878906 1.51565
0.565154 0.435154 0
0.903245 1.52497
0.624604 0.494604 0
1.01975 0.792686
0.717856 0.587856 0
1.10923 1.25992
0.735667 0.605667 0
1.04389 0.909873
0.652681 0.522681 0
1.10094 0.819636
0.601044 0.471044 0
1.08643 0.829266
0.625422 0.495422 0
1.05201 0.814136
0.640559 0.510559 0
1.07746 0.816147
0.640303 0.510303 0
0.933627 1.44019
0.575726 0.445726 0
1.07465 1.28
0.555119 0.425119 0
1.05966 1.28026
0.691 0.561 0
1.09295 0.803637
0.768029 0.638029 0
1.10044 0.836267
0.762462 0.632462 0
1.12514 1.34221
0.464174 0.334174 0
1.07597 1.29409
0.619404 0.489404 0
1.0773 1.33871
0.42627 0.29627 0
1.13628 1.04621
0.626838 0.496838 0
1.11523 1.05472
0.445045 0.315045 0
1.02627 1.34401
0.480605 0.350605 0
1.04666 0.800356
0.653853 0.523853 0
0.823843 0.79108
0.442543 0.312543 0
0.87227 0.793132
0.506522 0.376522 0
0.835814 1.53069
0.758605 0.628605 0
0.847522 1.51731
0.667806 0.537806 0
0.853277 1.48777
0.751598 0.621598 0
0.868702 1.52885
0.643135 0.513135 0
0.902008 0.778359
0.408264 0.278264 0
0.913503 0.759232
0.587909 0.457909 0
0.897197 0.758739
0.440883 0.310883 0
1.02886 0.778566
0.655281 0.525281 0
1.02273 0.807447
0.445021 0.315021 0
1.04821 0.782905
0.71821 0.58821 0
1.05527 1.25322
0.747777 0.617777 0
0.801199 1.47389
0.582696 0.452696 0
0.805128 1.48787
0.494388 0.364388 0
0.82212 1.49813
0.747984 0.617984 0
1.18713 1.07523
0.706931 0.576931 0
1.07197 0.778222
0.413672 0.283672 0
1.00661 0.772849
0.714304 0.584304 0
1.13156 0.970673
0.434816 0.304816 0
1.03834 1.33641
0.55125 0.42125 0
1.04069 1.3522
0.732615 0.602615 0
1.2415 1.11191
0.502615 0.372615 0
1.01659 1.36847
0.732224 0.602224 0
1.1564 0.933839
0.579034 0.449034 0
1.16043 0.979729
0.568218 0.438218 0
1.14759 0.973153
0.402222 0.272222 0
1.13434 0.997714
0.524198 0.394198 0
0.827847 0.765584
0.400122 0.270122 0
1.11792 0.779059
0.505179 0.375179 0
1.10618 0.787692
0.616352 0.486352 0
1.10249 1.33739
0.729466 0.599466 0
1.08328 1.32363
0.473525 0.343525 0
0.895137 1.54545
0.521451 0.391451 0
0.883728 1.55949
0.546452 0.416452 0
0.838596 1.49945
0.537516 0.407516 0
1.22617 1.15912
0.448744 0.318744 0
1.06596 0.801635
0.613935 0.483935 0
0.889092 0.796547
0.765368 0.635368 0
1.04416 0.765107
0.739512 0.609512 0
0.941949 1.42797
0.623774 0.493774 0
0.948003 1.39843
0.474819 0.344819 0
0.913441 1.42495
0.637983 0.507983 0
0.802693 1.51004
0.515812 0.385812 0
0.824517 1.51209
0.631782 0.501782 0
1.26455 1.14548
0.681417 0.551417 0
1.26169 1.12456
0.602277 0.472277 0
1.27411 1.1637
0.643464 0.513464 0
1.05236 1.34441
0.469277 0.339277 0
1.05329 1.36264
0.461452 0.331452 0
1.07293 1.35397
0.722752 0.592752 0
0.881932 0.764281
0.685348 0.555348 0
0.939876 0.729897
0.778271 0.648271 0
0.980078 0.725226
0.497024 0.367024 0
1.16287 1.2176
0.529228 0.399228 0
1.1002 1.36177
0.724082 0.594082 0
1.17117 1.17292
0.694675 0.564675 0
0.999818 1.41775
0.628974 0.498974 0
1.03028 1.39366
0.553191 0.423191 0
1.02115 1.425
0.402869 0.272869 0
1.02217 1.38191
0.575726 0.445726 0
1.03645 1.43119
0.524821 0.394821 0
1.12422 0.861762
0.574346 0.444346 0
1.11855 0.841485
0.635969 0.505969 0
1.12833 1.06621
0.718833 0.588833 0
1.09867 0.89983
0.772326 0.642326 0
1.26039 1.18234
0.589776 0.459776 0
1.29583 1.14
0.751012 0.621012 0
1.25731 1.1613
0.584161 0.454161 0
1.14271 1.31539
0.461342 0.331342 0
1.14991 1.28113
0.718357 0.588357 0
1.11548 0.890395
0.426026 0.296026 0
1.16327 0.956947
0.4339 0.3039 0
1.16515 0.995529
0.716575 0.586575 0
0.964706 1.39671
0.452638 0.322638 0
0.965528 1.41344
0.783483 0.653483 0
0.941922 1.41322
0.700168 0.570168 0
0.936309 0.757299
0.643403 0.513403 0
0.802255 1.39992
0.671139 0.541139 0
0.889602 0.740992
0.403687 0.273687 0
0.906142 0.743725
0.59444 0.46444 0
1.03053 0.749471
0.749718 0.619718 0
1.07015 0.931491
0.423048 0.293048 0
1.16206 1.29505
0.620502 0.490502 0
1.14909 1.33863
0.470937 0.340937 0
1.17616 1.06228
0.705893 0.575893 0
1.19112 1.05324
0.698276 0.568276 0
1.12132 1.01412
0.661263 0.531263 0
0.920714 1.54208
0.656343 0.526343 0
1.06952 1.36942
0.505533 0.375533 0
1.09317 1.34904
0.795044 0.665044 0
1.1134 1.37634
0.594024 0.464024 0
0.864586 0.818809
0.458412 0.328412 0
0.813691 0.769353
0.689633 0.559633 0
0.964602 1.44514
0.697653 0.567653 0
0.943467 1.48016
0.644185 0.514185 0
0.900105 1.56252
0.466042 0.336042 0
1.12247 1.02969
0.696335 0.566335 0
1.15237 1.03586
0.676962 0.546962 0
0.962229 1.42975
0.443104 0.313104 0
0.928195 1.52891
0.653255 0.523255 0
1.11503 0.823605
0.599152 0.469152 0
1.11517 1.39456
0.72595 0.59595 0
1.12913 1.38525
0.771422 0.641422 0
1.099 1.39323
0.599493 0.469493 0
1.04332 1.38677
0.495828 0.365828 0
1.07573 1.38699
0.643001 0.513001 0
1.2203 1.19496
0.559172 0.429172 0
0.885145 0.780038
0.738963 0.608963 0
0.814979 1.5291
0.410547 0.280547 0
0.830286 0.742806
0.575286 0.445286 0
1.23198 1.17746
0.505716 0.375716 0
1.06461 0.822529
0.55125 0.42125 0
0.840993 1.54755
0.571905 0.441905 0
1.0304 1.36577
0.434816 0.304816 0
1.14223 1.06349
0.481387 0.351387 0
1.16149 1.06818
0.605927 0.475927 0
1.16417 1.04823
0.529215 0.399215 0
0.841449 0.752264
0.799719 0.669719 0
0.805647 0.781234
0.47394 0.34394 0
0.95893 1.49566
0.773534 0.643534 0
0.944755 1.49483
0.569463 0.439463 0
0.957616 1.47408
0.513041 0.383041 0
0.970053 1.48245
0.641902 0.511902 0
1.13193 0.815084
0.715464 0.585464 0
1.10728 0.762533
0.697726 0.567726 0
1.1122 0.808265
0.791845 0.661845 0
1.09215 0.773246
0.637397 0.507397 0
1.12561 0.800127
0.565288 0.435288 0
1.15703 1.25845
0.643208 0.513208 0
1.1512 0.814686
0.658858 0.528858 0
1.14169 0.792647
0.561187 0.431187 0
1.14235 0.826124
0.713926 0.583926 0
0.950128 1.44413
0.55363 0.42363 0
1.16262 0.840594
0.709336 0.579336 0
0.987065 1.45591
0.512076 0.382076 0
1.05998 1.39217
0.611274 0.481274 0
1.04305 1.40082
0.640461 0.510461 0
0.910791 0.723257
0.425562 0.295562 0
0.896322 0.724451
0.693405 0.563405 0
0.801269 0.754457
0.696713 0.566713 0
1.17451 0.910486
0.637263 0.507263 0
1.13883 0.941694
0.451527 0.321527 0
1.23587 1.19649
0.639082 0.509082 0
1.14178 0.853882
0.571062 0.441062 0
1.18363 0.854126
0.534001 0.404001 0
1.18435 0.81883
0.640193 0.510193 0
0.884582 0.69957
0.721641 0.591641 0
0.870679 0.737172
0.722385 0.592385 0
0.918181 0.700067
0.649532 0.519532 0
0.943381 1.55305
0.485977 0.355977 0
1.19648 1.18562
0.504813 0.374813 0
0.923727 0.745727
0.518192 0.388192 0
0.941906 0.744295
0.504862 0.374862 0
1.21801 1.08646
0.754942 0.624942 0
0.858544 0.753036
0.703232 0.573232 0
1.17698 1.02699
0.576666 0.446666 0
1.00946 1.43541
0.559771 0.429771 0
1.05936 1.409
0.524979 0.394979 0
1.05511 1.45638
0.511417 0.381417 0
1.03271 1.4524
0.629145 0.499145 0
1.13551 0.874302
0.67513 0.54513 0
1.11034 0.876592
0.448842 0.318842 0
1.13704 1.364
0.66512 0.53512 0
1.15403 1.39483
0.586578 0.456578 0
1.00485 1.38058
0.563543 0.433543 0
1.13794 0.773787
0.452199 0.322199 0
1.15643 0.78876
0.79696 0.66696 0
1.14637 1.37827
0.722446 0.592446 0
1.15192 1.35763
0.490762 0.360762 0
1.11912 1.36158
0.679354 0.549354 0
1.13286 1.39972
0.649153 0.519153 0
1.09567 1.37624
0.684445 0.554445 0
1.11841 0.746604
0.690426 0.560426 0
1.06883 0.747005
0.699203 0.569203 0
1.19468 1.02371
0.505826 0.375826 0
1.01027 1.45359
0.447731 0.317731 0
1.03232 1.4151
0.554436 0.424436 0
1.08616 1.36176
0.583782 0.453782 0
0.996483 1.39707
0.407337 0.277337 0
1.14946 0.878157
0.521964 0.391964 0
0.957072 1.53906
0.461843 0.331843 0
0.9167 1.55833
0.471999 0.341999 0
0.953533 1.57129
0.709055 0.579055 0
0.958492 1.55545
0.524808 0.394808 0
0.926261 1.57959
0.508292 0.378292 0
1.09165 1.40546
0.630988 0.500988 0
0.932435 1.5096
0.747252 0.617252 0
1.00766 1.25493
0.634321 0.504321 0
1.201 1.00214
0.598895 0.468895 0
1.19847 1.03742
0.627644 0.497644 0
0.987848 1.42929
0.574541 0.444541 0
1.04741 0.726938
0.63271 0.50271 0
1.08004 0.722697
0.566814 0.436814 0
1.06481 0.725537
0.422828 0.292828 0
1.06043 0.762415
0.527262 0.397262 0
1.01695 1.02011
0.654146 0.524146 0
0.94709 1.52649
0.780151 0.650151 0
1.09878 0.866041
0.400745 0.270745 0
1.17829 0.971213
0.787475 0.657475 0
1.14934 0.996877
0.748753 0.618753 0
1.21807 1.07106
0.699606 0.569606 0
1.2477 1.21276
0.74586 0.61586 0
0.867527 1.56695
0.501895 0.371895 0
0.905753 1.58162
0.575701 0.445701 0
0.956801 0.722368
0.649434 0.519434 0
1.00398 0.755218
0.780114 0.650114 0
1.00326 0.733293
0.620527 0.490527 0
1.17349 1.23412
0.737608 0.607608 0
1.18699 1.21587
0.66418 0.53418 0
1.17335 1.35016
0.67275 0.54275 0
1.16861 1.31243
0.417127 0.287127 0
1.13282 0.84182
0.668856 0.538856 0
1.18581 1.30299
0.473684 0.343684 0
1.18548 1.33885
0.535234 0.405234 0
1.1617 1.3311
0.654317 0.524317 0
1.18984 1.26847
0.590362 0.460362 0
1.17331 0.777074
0.488858 0.358858 0
1.17078 0.7916
0.513932 0.383932 0
1.17009 0.806311
0.555718 0.425718 0
1.14459 0.895832
0.443178 0.313178 0
1.13114 0.903372
0.650764 0.520764 0
0.990156 0.796889
0.492874 0.362874 0
1.02342 0.76291
0.747581 0.617581 0
0.933343 0.705553
0.51359 0.38359 0
0.909086 0.684583
0.605475 0.475475 0
0.928108 0.720538
0.619184 0.489184 0
1.11322 1.41689
0.532475 0.402475 0
1.14663 1.41684
0.66202 0.53202 0
0.980842 1.41554
0.467226 0.337226 0
1.12323 0.722086
0.463649 0.333649 0
1.13504 0.734599
0.457533 0.327533 0
1.10774 0.73123
0.46841 0.33841 0
1.09533 0.721838
0.432276 0.302276 0
0.968515 1.52871
0.429078 0.299078 0
1.31415 1.13474
0.539628 0.409628 0
1.30121 1.11788
0.406507 0.276507 0
1.28501 1.11641
0.50618 0.37618 0
1.31998 1.11997
0.418567 0.288567 0
1.19367 1.3156
0.710227 0.580227 0
1.20709 1.29183
0.75952 0.62952 0
1.18968 1.28762
0.606696 0.476696 0
1.207 1.20446
0.57669 0.44669 0
1.15423 0.767593
0.642109 0.512109 0
1.18631 0.927417
0.789697 0.659697 0
1.16932 0.894603
0.705075 0.575075 0
0.978192 1.51675
0.715622 0.585622 0
1.16938 0.746155
0.720798 0.590798 0
1.13506 0.753891
0.474306 0.344306 0
1.2152 1.21991
0.468117 0.338117 0
1.12913 1.42449
0.439051 0.309051 0
1.1453 1.44356
0.522855 0.392855 0
1.15835 1.40896
0.52056 0.39056 0
1.16172 1.43707
0.463503 0.333503 0
1.06634 1.42783
0.576263 0.446263 0
1.13373 0.712304
0.563811 0.433811 0
0.961659 0.707587
0.57188 0.44188 0
1.13859 1.01414
0.790832 0.660832 0
1.31768 1.16224
0.738768 0.608768 0
1.09527 1.42407
0.478127 0.348127 0
1.05485 1.47556
0.518107 0.388107 0
1.05629 1.43878
0.40105 0.27105 0
1.0371 1.47418
0.412122 0.282122 0
0.957982 1.51234
0.593585 0.463585 0
1.20633 0.93875
0.422132 0.292132 0
1.21315 0.915087
0.566655 0.436655 0
0.98871 0.766026
0.795532 0.665532 0
1.28267 1.1749
0.462856 0.332856 0
1.15805 0.860652
0.775414 0.645414 0
0.986339 1.48373
0.565069 0.435069 0
0.975123 1.56125
0.401404 0.271404 0
1.17083 0.927827
0.514457 0.384457 0
1.15246 0.910161
0.59483 0.46483 0
1.02396 1.44127
0.637922 0.507922 0
1.02382 1.46864
0.427747 0.297747 0
1.00235 1.49054
0.7859 0.6559 0
1.19525 0.789021
0.673653 0.543653 0
1.15097 0.752202
0.688522 0.558522 0
0.850149 0.764751
0.51558 0.38558 0
1.04999 0.750721
0.501163 0.371163 0
1.23056 1.2111
0.69863 0.56863 0
0.946134 0.693172
0.580181 0.450181 0
0.902593 0.704556
0.50408 0.37408 0
1.07236 1.45642
0.455397 0.325397 0
1.06239 1.48941
0.746239 0.616239 0
1.07744 1.50269
0.497757 0.367757 0
1.23882 1.08114
0.795886 0.665886 0
1.18956 0.889437
0.769066 0.639066 0
0.858185 0.730524
0.670174 0.540174 0
1.18877 0.944824
0.435047 0.305047 0
1.16123 1.01102
0.544963 0.414963 0
1.1367 1.03133
0.774084 0.644084 0
1.20217 1.06519
0.692843 0.562843 0
1.1783 1.04557
0.470376 0.340376 0
1.18391 1.41086
0.679843 0.549843 0
1.16833 1.45721
0.794556 0.664556 0
1.14569 1.461
0.713169 0.583169 0
0.886452 1.58395
0.493045 0.363045 0
0.950188 0.677945
0.574212 0.444212 0
0.962733 0.689678
0.584539 0.454539 0
0.930991 0.679878
0.443422 0.313422 0
0.82342 1.54168
0.643001 0.513001 0
0.940949 0.665974
0.577935 0.447935 0
0.858972 1.54436
0.585296 0.455296 0
1.06691 0.706352
0.687387 0.557387 0
1.08672 0.739762
0.726341 0.596341 0
1.28827 1.15887
0.420557 0.290557 0
1.18446 1.01154
0.764611 0.634611 0
1.08988 0.758097
0.672372 0.542372 0
1.02724 0.729711
0.669063 0.539063 0
1.17662 0.733034
0.500089 0.370089 0
1.15895 0.736746
0.400586 0.270586 0
1.17503 0.71875
0.547795 0.417795 0
1.19273 0.728487
0.671615 0.541615 0
1.15691 0.709255
0.469277 0.339277 0
0.972397 1.50125
0.772607 0.642607 0
0.92708 0.656824
0.762499 0.632499 0
0.8927 0.675555
0.726695 0.596695 0
0.886914 0.657899
0.532267 0.402267 0
1.21542 1.31414
0.521622 0.391622 0
1.18555 1.38593
0.633576 0.503576 0
1.17158 1.42236
0.562883 0.432883 0
1.18025 0.837515
0.663668 0.533668 0
1.00586 1.50797
0.442689 0.312689 0
1.02519 1.51303
0.619111 0.489111 0
0.814298 0.745323
0.476492 0.346492 0
1.07739 0.79304
0.762999 0.632999 0
1.18085 0.869038
0.671859 0.541859 0
1.17743 0.986235
0.607208 0.477208 0
1.12809 1.45117
0.514274 0.384274 0
1.15549 1.47274
0.556621 0.426621 0
1.12262 1.4831
0.630183 0.500183 0
1.11874 1.43623
0.734117 0.604117 0
1.07496 0.759973
0.469338 0.339338 0
0.955144 0.651839
0.659957 0.529957 0
0.91993 0.644623
0.687289 0.557289 0
1.1118 0.711732
0.643526 0.513526 0
1.17683 1.43626
0.552873 0.422873 0
1.18451 1.44872
0.412244 0.282244 0
1.03766 0.697799
0.706845 0.576845 0
1.04707 0.710347
0.50004 0.37004 0
0.978846 0.690334
0.404187 0.274187 0
1.1962 0.76491
0.696567 0.566567 0
1.17196 1.25245
0.436744 0.306744 0
1.02226 0.879231
0.468777 0.338777 0
1.2085 0.877576
0.701498 0.571498 0
1.09171 0.789268
0.557402 0.427402 0
1.05519 1.50965
0.506192 0.376192 0
1.07664 1.47625
0.77412 0.64412 0
1.03676 1.50243
0.635932 0.505932 0
1.20908 1.38748
0.628498 0.498498 0
1.20455 1.41069
0.592291 0.462291 0
1.19942 1.42645
0.649678 0.519678 0
1.16699 0.824631
0.711509 0.581509 0
1.19863 0.841146
0.583233 0.453233 0
1.20978 0.818329
0.718833 0.588833 0
1.21212 0.80322
0.692331 0.562331 0
1.21746 1.02413
0.533158 0.403158 0
1.21276 1.04761
0.420264 0.290264 0
1.19423 0.903787
0.649434 0.519434 0
1.0884 0.70252
0.532499 0.402499 0
1.25397 1.06601
0.645698 0.515698 0
1.15866 1.37116
0.796777 0.666777 0
1.19301 1.36711
0.537773 0.407773 0
0.995682 0.674471
0.733494 0.603494 0
1.00369 0.713768
0.486001 0.356001 0
0.936943 0.630183
0.621796 0.491796 0
0.89348 0.619798
0.597467 0.467467 0
0.912088 0.619839
0.432105 0.302105 0
1.21295 0.962053
0.71102 0.58102 0
1.17051 0.944546
0.722446 0.592446 0
1.19512 0.960671
0.553728 0.423728 0
0.982322 1.5349
0.43329 0.30329 0
1.01967 1.4857
0.763952 0.633952 0
0.991243 1.50599
0.594952 0.464952 0
1.02396 1.52853
0.639827 0.509827 0
1.22903 0.969625
0.471047 0.341047 0
1.21706 0.979984
0.741417 0.611417 0
1.19745 0.977998
0.653706 0.523706 0
1.20067 1.22105
0.500406 0.370406 0
1.20671 1.23915
0.748387 0.618387 0
1.22755 0.7964
0.423621 0.293621 0
1.21062 0.783226
0.590155 0.460155 0
1.23124 0.777776
0.564373 0.434373 0
1.2236 0.99878
0.468569 0.338569 0
0.998995 1.52318
0.530644 0.400644 0
1.23016 0.942496
0.654573 0.524573 0
1.19566 0.703846
0.649861 0.519861 0
1.19408 1.24809
0.670406 0.540406 0
1.16699 1.2762
0.666646 0.536646 0
1.27795 1.14061
0.472878 0.342878 0
1.28602 1.10193
0.763683 0.633683 0
1.31929 1.10355
0.479751 0.349751 0
1.06439 0.690583
0.615131 0.485131 0
1.23498 1.05721
0.611151 0.481151 0
1.22291 1.2421
0.457802 0.327802 0
0.878382 0.620508
0.490091 0.360091 0
0.885594 0.599659
0.647395 0.517395 0
0.912836 0.6013
0.700278 0.570278 0
0.878537 0.646604
0.505387 0.375387 0
1.23823 0.930016
0.784484 0.654484 0
1.04526 1.52563
0.706699 0.576699 0
1.06613 1.51842
0.533256 0.403256 0
1.07334 1.53321
0.458864 0.328864 0
1.18105 0.760143
0.511307 0.381307 0
1.04515 1.48934
0.530851 0.400851 0
0.846791 0.714473
0.747703 0.617703 0
0.87984 0.713456
0.652498 0.522498 0
1.07134 1.40128
0.526579 0.396579 0
0.868396 0.661347
0.575433 0.445433 0
0.902031 0.659699
0.705942 0.575942 0
1.23247 1.0279
0.611982 0.481982 0
1.22722 1.04236
0.415076 0.285076 0
0.874972 0.684169
0.600421 0.470421 0
0.905801 0.587515
0.585284 0.455284 0
0.867218 0.598655
0.433656 0.303656 0
0.864427 0.61919
0.602875 0.472875 0
1.23792 0.987836
0.582501 0.452501 0
1.12062 1.46434
0.491031 0.361031 0
1.17159 1.47531
0.695651 0.565651 0
1.16978 1.49201
0.473757 0.343757 0
0.871736 1.55217
0.415711 0.285711 0
0.846198 0.67943
0.404492 0.274492 0
0.851862 0.639333
0.663558 0.533558 0
0.919389 0.669085
0.402185 0.272185 0
1.30174 1.10332
0.662911 0.532911 0
1.2232 0.879175
0.57879 0.44879 0
1.22851 0.864967
0.753258 0.623258 0
1.20844 1.27038
0.614972 0.484972 0
1.33776 1.13946
0.420374 0.290374 0
1.10474 1.45434
0.594708 0.464708 0
1.09221 1.44066
0.613117 0.483117 0
1.17504 0.692407
0.794482 0.664482 0
1.33341 1.09681
0.558391 0.428391 0
1.29888 1.07774
0.68934 0.55934 0
1.21425 0.896294
0.788391 0.658391 0
1.12793 1.50288
0.535734 0.405734 0
1.09646 1.50936
0.799927 0.669927 0
1.14391 1.49676
0.76975 0.63975 0
0.819204 0.729997
0.529923 0.399923 0
0.843221 0.737001
0.569854 0.439854 0
1.25812 1.04833
0.500174 0.370174 0
0.849061 0.6998
0.724351 0.594351 0
0.836132 0.66805
0.510172 0.380172 0
0.831371 0.70575
0.466506 0.336506 0
0.8649 0.69941
0.789465 0.659465 0
0.828022 0.6861
0.644478 0.514478 0
0.996933 1.46846
0.608466 0.478466 0
0.974456 1.46518
0.727671 0.597671 0
0.806293 0.720114
0.741783 0.611783 0
0.83896 0.60391
0.568511 0.438511 0
1.08598 1.46033
0.72855 0.59855 0
1.0963 1.47907
0.585296 0.455296 0
1.35686 1.13498
0.431642 0.301642 0
1.33641 1.12383
0.761327 0.631327 0
1.33702 1.16136
0.410462 0.280462 0
1.16736 1.38852
0.615534 0.485534 0
0.93872 0.645025
0.741868 0.611868 0
0.904209 0.637874
0.541166 0.411166 0
1.19511 0.803649
0.799609 0.669609 0
1.0476 0.6799
0.681649 0.551649 0
1.0813 0.686637
0.784387 0.654387 0
1.22633 1.27628
0.666915 0.536915 0
1.21832 1.25929
0.735203 0.605203 0
0.944645 1.58431
0.718467 0.588467 0
1.3502 1.15068
0.797058 0.667058 0
0.997739 1.57127
0.497806 0.367806 0
0.977577 1.57682
0.520878 0.390878 0
0.993945 1.54569
0.47073 0.34073 0
1.10545 1.52053
0.578655 0.448655 0
1.31128 1.06322
0.53853 0.40853 0
1.28804 1.05601
0.739805 0.609805 0
1.27868 1.076
0.49783 0.36783 0
1.24933 0.956014
0.524686 0.394686 0
1.25311 0.932534
0.781701 0.651701 0
0.994767 1.44347
0.476687 0.346687 0
1.22323 0.831198
0.557439 0.427439 0
1.2114 0.848261
0.526395 0.396395 0
0.929066 0.599799
0.660775 0.530775 0
0.978989 0.67366
0.709592 0.579592 0
0.985448 0.708571
0.480544 0.350544 0
1.1512 0.725067
0.595685 0.465685 0
1.14906 0.694363
0.625385 0.495385 0
1.1399 1.51178
0.433424 0.303424 0
1.1573 1.50415
0.450429 0.320429 0
1.23486 1.26096
0.478201 0.348201 0
1.21219 0.762339
0.752049 0.622049 0
1.19372 0.749397
0.478335 0.348335 0
1.18782 1.47065
0.598016 0.468016 0
1.19536 1.49385
0.517325 0.387325 0
0.811688 1.54937
0.402295 0.272295 0
0.841975 1.56419
0.584857 0.454857 0
1.10249 0.746388
0.426148 0.296148 0
0.962633 0.637105
0.631281 0.501281 0
1.01981 0.691226
0.741197 0.611197 0
0.822759 0.618738
0.698679 0.568679 0
0.822208 0.598778
0.77528 0.64528 0
1.29863 1.04022
0.466128 0.336128 0
1.22083 1.43478
0.5283 0.3983 0
1.04794 1.54533
0.447475 0.317475 0
1.01209 1.5428
0.442958 0.312958 0
1.03021 1.54197
0.787109 0.657109 0
1.17042 0.670665
0.593988 0.463988 0
1.19371 0.674451
0.562285 0.432285 0
1.01141 1.56156
0.57 0.44 0
1.00105 0.690159
0.770568 0.640568 0
1.03351 0.682876
0.613239 0.483239 0
1.20629 1.46985
0.605805 0.475805 0
0.808994 0.696272
0.505167 0.375167 0
0.962738 0.667229
0.459352 0.329352 0
1.10653 0.669116
0.789746 0.659746 0
0.976358 0.62645
0.770324 0.640324 0
0.983159 0.64591
0.661629 0.531629 0
1.22436 1.48797
0.643916 0.513916 0
1.2249 1.46504
0.462526 0.332526 0
1.02828 0.710033
0.507645 0.377645 0
1.03954 0.66008
0.477065 0.347065 0
1.02537 0.665447
0.631672 0.501672 0
1.2258 1.37083
0.647859 0.517859 0
1.20964 1.3696
0.553618 0.423618 0
1.19552 1.39869
0.59035 0.46035 0
1.00927 0.662212
0.567144 0.437144 0
1.32858 1.08296
0.52869 0.39869 0
1.30422 1.15252
0.709507 0.579507 0
0.817777 0.649115
0.547038 0.417038 0
0.81678 0.673383
0.765465 0.635465 0
0.834974 0.629602
0.504373 0.374373 0
0.868856 0.635531
0.743114 0.613114 0
1.24624 1.1866
0.746263 0.616263 0
0.931379 1.56121
0.721592 0.591592 0
1.22814 1.41908
0.612946 0.482946 0
1.22236 1.39286
0.771801 0.641801 0
1.20912 0.74176
0.7416 0.6116 0
1.1381 1.47965
0.657772 0.527772 0
1.23013 0.900457
0.538566 0.408566 0
1.23857 0.912945
0.490066 0.360066 0
1.35541 1.10775
0.608319 0.478319 0
1.21829 0.690814
0.671883 0.541883 0
1.19899 0.687831
0.416724 0.286724 0
1.21351 0.710057
0.404224 0.274224 0
0.833767 0.645134
0.689474 0.559474 0
0.851484 0.610964
0.748997 0.618997 0
1.01226 0.640997
0.649471 0.519471 0
0.992187 0.625099
0.436451 0.306451 0
1.10889 1.49715
0.433473 0.303473 0
1.08954 0.674057
0.698703 0.568703 0
1.05842 0.663862
0.743333 0.613333 0
1.03785 1.5825
0.66108 0.53108 0
1.08368 1.52114
0.435609 0.305609 0
1.23089 0.811217
0.480789 0.350789 0
1.28476 1.20655
0.582452 0.452452 0
1.23301 1.51385
0.735203 0.605203 0
1.24512 1.4686
0.795776 0.665776 0
1.24677 1.50335
0.781628 0.651628 0
1.10936 0.689119
0.549345 0.419345 0
1.13232 0.689888
0.786523 0.656523 0
1.2453 0.849914
0.705332 0.575332 0
1.24237 0.8687
0.703842 0.573842 0
1.24754 0.890106
0.705783 0.575783 0
1.22257 1.2917
0.720542 0.590542 0
1.3334 1.18508
0.775268 0.645268 0
1.35675 1.18036
0.431874 0.301874 0
1.31361 1.18209
0.646358 0.516358 0
1.26571 1.2109
0.709934 0.579934 0
1.26936 1.19519
0.618293 0.488293 0
1.22635 1.4505
0.535673 0.405673 0
0.85292 0.660904
0.637214 0.507214 0
0.804966 0.663106
0.628327 0.498327 0
1.24421 0.667972
0.797266 0.667266 0
1.22774 0.675583
0.575225 0.445225 0
1.23357 0.689854
0.452419 0.322419 0
1.23773 1.0132
0.791211 0.661211 0
1.22255 0.655943
0.452626 0.322626 0
1.24181 1.28497
0.668453 0.538453 0
1.12512 1.52873
0.520499 0.390499 0
1.2351 1.22495
0.566314 0.436314 0
1.23204 1.35645
0.521232 0.391232 0
1.19802 1.34837
0.684738 0.554738 0
1.05646 1.56583
0.593646 0.463646 0
1.19916 0.856855
0.416065 0.286065 0
1.30044 1.19054
0.65898 0.52898 0
1.25375 1.02563
0.726853 0.596853 0
1.25587 0.992133
0.552007 0.422007 0
1.22664 0.731339
0.734544 0.604544 0
1.0684 1.55071
0.579974 0.449974 0
1.08248 1.54419
0.76361 0.63361 0
1.0656 1.58344
0.555766 0.425766 0
1.2379 1.24654
0.641401 0.511401 0
1.02719 0.645434
0.724558 0.594558 0
1.26305 0.686925
0.675802 0.545802 0
1.24955 0.693081
0.757225 0.627225 0
1.2746 1.23857
0.495523 0.365523 0
1.25083 1.23042
0.568645 0.438645 0
1.26666 1.25714
0.57796 0.44796 0
1.05585 0.645648
0.585687 0.455687 0
1.29092 1.2472
0.490506 0.360506 0
1.29226 1.23292
0.687191 0.557191 0
1.27082 1.28084
0.678329 0.548329 0
1.28766 1.27748
0.617365 0.487365 0
1.25847 1.24339
0.694723 0.564723 0
0.94026 1.53915
0.483792 0.353792 0
1.30915 1.08827
0.539689 0.409689 0
1.19907 1.44789
0.643062 0.513062 0
1.23284 0.707645
0.498477 0.368477 0
1.32646 1.06868
0.499429 0.369429 0
1.25187 1.44944
0.603388 0.473388 0
1.24965 1.43467
0.545927 0.415927 0
0.801967 0.736383
0.430689 0.300689 0
1.27285 1.49135
0.412452 0.282452 0
1.26339 1.47007
0.639241 0.509241 0
1.08427 1.57195
0.401868 0.271868 0
1.25205 1.25822
0.707505 0.577505 0
1.26041 0.863447
0.442579 0.312579 0
1.26533 0.848893
0.78363 0.65363 0
1.257 1.51697
0.415223 0.285223 0
1.22294 1.52906
0.675533 0.545533 0
1.24535 1.48403
0.471206 0.341206 0
1.22735 1.34272
0.628437 0.498437 0
1.24853 1.34312
0.70195 0.57195 0
1.25122 1.37178
0.712131 0.582131 0
1.35275 1.08833
0.590753 0.460753 0
1.24585 0.713168
0.423231 0.293231 0
1.15682 0.653811
0.733018 0.603018 0
1.15303 0.670597
0.745128 0.615128 0
0.801258 0.684585
0.595245 0.465245 0
1.3594 1.20086
0.653291 0.523291 0
1.31094 1.20762
0.450539 0.320539 0
1.32011 1.0511
0.554631 0.424631 0
0.886306 0.633061
0.524967 0.394967 0
1.26581 1.22702
0.455763 0.325763 0
1.25885 0.664958
0.46896 0.33896 0
1.21162 0.671799
0.419422 0.289422 0
1.24419 0.817127
0.57741 0.44741 0
1.18365 1.50236
0.736839 0.606839 0
1.19651 1.51681
0.573919 0.443919 0
0.852363 0.589498
0.47029 0.34029 0
1.37721 1.11605
0.497171 0.367171 0
1.33404 1.04679
0.451918 0.321918 0
1.22628 0.76291
0.731297 0.601297 0
1.09465 1.49495
0.512882 0.382882 0
1.17199 0.653225
0.757274 0.627274 0
1.17858 0.639185
0.711899 0.581899 0
1.13519 0.6333
0.618891 0.488891 0
1.13785 0.673584
0.682736 0.552736 0
1.32396 1.23306
0.444325 0.314325 0
1.10065 1.53745
0.777367 0.647367 0
1.25055 1.3209
0.693307 0.563307 0
1.26655 1.32882
0.694638 0.564638 0
1.20767 1.53029
0.560198 0.430198 0
1.24052 1.54646
0.603925 0.473925 0
1.22562 1.54453
0.404395 0.274395 0
1.20936 1.54737
0.449196 0.319196 0
1.27697 0.697967
0.452467 0.322467 0
1.28803 0.668179
0.400537 0.270537 0
1.27624 0.678161
0.569964 0.439964 0
1.02089 1.57298
0.558867 0.428867 0
1.3427 1.21927
0.486416 0.356416 0
1.37703 1.18551
0.663826 0.533826 0
0.927405 0.61704
0.723069 0.593069 0
1.26932 1.44167
0.755931 0.625931 0
1.27885 1.45461
0.670785 0.540785 0
0.999679 0.648127
0.750511 0.620511 0
1.29073 1.42122
0.444435 0.314435 0
1.25959 1.42395
0.74514 0.61514 0
0.822725 1.55923
0.750072 0.620072 0
1.15104 0.635138
0.650752 0.520752 0
0.985623 0.661052
0.692734 0.562734 0
1.35255 1.06094
0.663375 0.533375 0
1.31514 1.02403
0.675631 0.545631 0
1.35694 1.03743
0.42472 0.29472 0
1.26146 0.830954
0.54467 0.41467 0
1.28454 0.870885
0.508695 0.378695 0
1.27103 0.887913
0.568255 0.438255 0
1.28064 0.840975
0.764928 0.634928 0
1.11502 1.5526
0.558074 0.428074 0
1.20652 1.56257
0.501614 0.371614 0
1.24434 1.56312
0.684628 0.554628 0
1.25216 0.977803
0.746861 0.616861 0
1.27677 1.0072
0.569927 0.439927 0
1.20037 0.659818
0.540751 0.410751 0
1.19474 0.641021
0.500137 0.370137 0
0.95119 0.607264
0.630415 0.500415 0
1.02689 1.55692
0.742137 0.612137 0
1.2015 1.3284
0.715598 0.585598 0
1.31254 1.44712
0.620734 0.490734 0
1.30817 1.42195
0.574615 0.444615 0
1.27951 1.40824
0.467409 0.337409 0
1.25294 0.8053
0.638813 0.508813 0
1.2897 0.81975
0.635994 0.505994 0
1.29923 0.842556
0.728037 0.598037 0
1.28556 1.51081
0.747874 0.617874 0
1.2967 1.47184
0.760497 0.630497 0
1.26214 0.709439
0.626301 0.496301 0
0.952467 0.622952
0.757567 0.627567 0
1.26253 1.30647
0.658748 0.528748 0
1.23545 1.30658
0.627021 0.497021 0
1.24858 1.29936
0.636238 0.506238 0
1.25948 0.909858
0.678036 0.548036 0
1.36513 1.22427
0.709763 0.579763 0
1.32944 1.19889
0.446962 0.316962 0
1.33804 1.2334
0.627082 0.497082 0
1.32738 1.21396
0.644917 0.514917 0
1.35278 1.23756
0.516617 0.386617 0
1.27265 1.04679
0.52642 0.39642 0
1.24177 1.04158
0.420508 0.290508 0
1.27728 0.789462
0.773034 0.643034 0
1.24235 0.791094
0.795312 0.665312 0
1.2789 0.807504
0.536515 0.406515 0
1.2149 1.50438
0.546391 0.416391 0
1.19524 1.53739
0.643355 0.513355 0
1.26823 1.34739
0.691293 0.561293 0
1.23094 1.32575
0.775317 0.645317 0
1.26204 1.0911
0.706784 0.576784 0
1.07527 0.665972
0.760753 0.630753 0
1.36994 1.23946
0.456642 0.326642 0
1.38718 1.23495
0.586822 0.456822 0
1.3836 1.21129
0.769091 0.639091 0
1.24803 0.654316
0.424842 0.294842 0
1.24065 0.639185
0.487149 0.357149 0
1.267 0.63978
0.499515 0.369515 0
1.27885 0.648945
0.600348 0.470348 0
1.30183 1.49766
0.676852 0.546852 0
1.3711 1.17229
0.732115 0.602115 0
0.968121 0.586454
0.44695 0.31695 0
0.971127 0.612546
0.455654 0.325654 0
1.29033 1.44129
0.784472 0.654472 0
1.38379 1.25921
0.68934 0.55934 0
1.24809 1.40353
0.632746 0.502746 0
1.2641 0.770345
0.632905 0.502905 0
1.25019 0.778511
0.52775 0.39775 0
1.08658 0.653492
0.797766 0.667766 0
1.25895 1.38713
0.602802 0.472802 0
1.27277 1.37604
0.506326 0.376326 0
1.22947 1.56797
0.748167 0.618167 0
1.25979 1.56437
0.64023 0.51023 0
1.01508 0.676189
0.686874 0.556874 0
1.27165 0.980301
0.45165 0.32165 0
1.26465 0.965004
0.423426 0.293426 0
1.24109 0.755535
0.768957 0.638957 0
1.26439 0.794958
0.57232 0.44232 0
1.38023 1.02282
0.775036 0.645036 0
1.36775 1.04938
0.73065 0.60065 0
1.26428 1.54168
0.766076 0.636076 0
1.25299 1.58277
0.772253 0.642253 0
1.27221 1.57466
0.758348 0.628348 0
1.28002 1.54213
0.760253 0.630253 0
1.31025 1.52016
0.751952 0.621952 0
1.29549 1.52614
0.550835 0.420835 0
1.2793 0.938364
0.733543 0.603543 0
1.13241 0.617057
0.543144 0.413144 0
1.13065 0.650889
0.553508 0.423508 0
1.11641 0.627702
0.468032 0.338032 0
1.28103 0.625549
0.6983 0.5683 0
1.25045 0.625485
0.453737 0.323737 0
1.29263 0.640197
0.54539 0.41539 0
1.12735 1.56785
0.706418 0.576418 0
1.11015 1.56818
0.785546 0.655546 0
1.09952 1.55222
0.651216 0.521216 0
1.28128 0.75315
0.776122 0.646122 0
1.25534 0.746591
0.542497 0.412497 0
1.36803 1.08594
0.699533 0.569533 0
1.28859 0.892902
0.421473 0.291473 0
1.27461 0.906273
0.79198 0.66198 0
1.27676 1.52516
0.525126 0.395126 0
1.28777 0.918901
0.630634 0.500634 0
1.30138 0.86987
0.682601 0.552601 0
1.18765 1.55217
0.771044 0.641044 0
1.30968 1.29731
0.72335 0.59335 0
1.30604 1.27731
0.761766 0.631766 0
1.31441 1.25164
0.715818 0.585818 0
1.24724 0.834828
0.779907 0.649907 0
1.28713 1.31578
0.606354 0.476354 0
1.29178 1.38424
0.678451 0.548451 0
1.30389 1.40725
0.784997 0.654997 0
1.2913 1.29896
0.76549 0.63549 0
1.3094 0.89606
0.717991 0.587991 0
1.29 0.855043
0.595526 0.465526 0
1.30866 1.228
0.506729 0.376729 0
1.19329 1.57596
0.494522 0.364522 0
1.22919 1.58202
0.508145 0.378145 0
1.28115 1.26243
0.512662 0.382662 0
1.12229 0.675463
0.633882 0.503882 0
1.28932 0.984997
0.453298 0.323298 0
1.2807 1.03279
0.483901 0.353901 0
1.13626 1.55066
0.411206 0.281206 0
1.14488 1.52844
0.514676 0.384676 0
1.3701 1.1494
0.519852 0.389852 0
1.40324 1.21807
0.6425 0.5125 0
1.34291 1.02632
0.405103 0.275103 0
1.37936 1.13858
0.490335 0.360335 0
1.40062 1.27606
0.621564 0.491564 0
1.40169 1.2324
0.548955 0.418955 0
1.37754 1.27812
0.758092 0.628092 0
1.318 0.857523
0.693319 0.563319 0
1.31908 0.885837
0.590167 0.460167 0
0.802492 0.589006
0.620673 0.490673 0
0.804979 0.615658
0.679818 0.549818 0
1.28055 1.2206
0.708872 0.578872 0
1.31891 1.00245
0.627131 0.497131 0
1.35147 1.00016
0.78164 0.65164 0
1.35608 1.01569
0.613434 0.483434 0
1.39789 1.00777
0.762401 0.632401 0
1.3962 1.03157
0.79154 0.66154 0
1.38862 1.04728
0.448512 0.318512 0
1.37552 1.00906
0.527055 0.397055 0
0.970881 1.54322
0.495157 0.365157 0
1.33056 1.28638
0.523197 0.393197 0
1.31978 1.27346
0.411438 0.281438 0
1.23427 0.840172
0.521574 0.391574 0
1.42185 1.21515
0.790564 0.660564 0
1.41486 1.24855
0.613398 0.483398 0
1.39728 1.25274
0.571746 0.441746 0
1.30482 0.657916
0.667464 0.537464 0
1.30018 0.680262
0.713962 0.583962 0
1.31556 1.46374
0.635835 0.505835 0
1.33495 1.3009
0.499185 0.369185 0
1.35157 1.30687
0.782934 0.652934 0
1.21193 1.35134
0.628095 0.498095 0
1.28178 1.56284
0.65013 0.52013 0
1.39144 1.1548
0.771325 0.641325 0
1.39196 1.17972
0.666012 0.536012 0
0.799979 0.634571
0.746861 0.616861 0
1.27607 1.42582
0.590606 0.460606 0
1.17663 1.53651
0.457277 0.327277 0
1.1777 1.56226
0.693051 0.563051 0
1.29631 0.764239
0.589837 0.459837 0
1.26807 0.739822
0.552605 0.422605 0
1.29155 0.726739
0.708689 0.578689 0
1.14304 1.56582
0.496121 0.366121 0
1.00761 0.602239
0.600104 0.470104 0
1.32758 1.47827
0.589068 0.459068 0
1.12997 1.58319
0.620038 0.490038 0
0.853508 1.57337
0.431776 0.301776 0
1.17672 0.619229
0.587896 0.457896 0
1.20527 0.615773
0.429725 0.299725 0
1.3358 1.26525
0.521134 0.391134 0
1.31097 0.694186
0.753783 0.623783 0
1.32513 0.694622
0.662423 0.532423 0
1.31305 0.67181
0.535417 0.405417 0
1.2577 0.72744
0.464052 0.334052 0
1.31191 1.31442
0.40221 0.27221 0
1.32181 1.33482
0.514542 0.384542 0
1.29614 1.328
0.500064 0.370064 0
1.32648 1.32147
0.66711 0.53711 0
1.40882 1.14331
0.721494 0.591494 0
0.830936 1.58155
0.712778 0.582778 0
1.29659 0.603161
0.612934 0.482934 0
1.30543 0.619165
0.478433 0.348433 0
1.34831 1.50309
0.419788 0.289788 0
1.33322 1.4653
0.674972 0.544972 0
1.4008 1.19761
0.593341 0.463341 0
1.28608 0.966731
0.621479 0.491479 0
1.39538 1.06645
0.682406 0.552406 0
1.38049 1.0638
0.578301 0.448301 0
1.39451 1.13166
0.510672 0.380672 0
1.34313 1.07647
0.485147 0.355147 0
1.30731 0.722909
0.751402 0.621402 0
1.27775 0.714692
0.670125 0.540125 0
1.12189 0.701921
0.702023 0.572023 0
1.42948 1.2416
0.420899 0.290899 0
1.41918 1.27046
0.484365 0.354365 0
1.16323 0.683888
0.441969 0.311969 0
1.22922 0.622246
0.499918 0.369918 0
1.2637 0.6148
0.409375 0.279375 0
1.3345 1.01143
0.604389 0.474389 0
1.33827 0.979194
0.729514 0.599514 0
1.30235 0.991762
0.582867 0.452867 0
1.35709 0.970924
0.659114 0.529114 0
1.31833 0.975951
0.754015 0.624015 0
1.33112 1.2477
0.400525 0.270525 0
1.25816 1.00805
0.760826 0.630826 0
1.29812 1.01676
0.699741 0.569741 0
1.15961 1.53172
0.465639 0.335639 0
1.16212 1.55869
0.694028 0.564028 0
1.21411 0.642951
0.408533 0.278533 0
1.02902 0.620455
0.532231 0.402231 0
1.0716 0.651262
0.760778 0.630778 0
1.06716 0.625363
0.472231 0.342231 0
1.04535 0.625905
0.558928 0.428928 0
1.31546 0.842917
0.798694 0.668694 0
1.3748 0.988873
0.69067 0.56067 0
1.33191 0.99303
0.648738 0.518738 0
1.28482 1.36071
0.469118 0.339118 0
1.32413 1.0352
0.734104 0.604104 0
1.32848 1.43058
0.530949 0.400949 0
0.984425 0.603025
0.654671 0.524671 0
1.30737 1.34326
0.471718 0.341718 0
1.14433 1.58319
0.462746 0.332746 0
1.15705 1.57528
0.742613 0.612613 0
1.31674 0.817558
0.405737 0.275737 0
1.32567 0.828567
0.723667 0.593667 0
1.41333 1.17243
0.40155 0.27155 0
1.18118 1.51669
0.411817 0.281817 0
1.35452 1.25985
0.632612 0.502612 0
1.35945 1.32584
0.465249 0.335249 0
1.35262 1.28194
0.732933 0.602933 0
1.29124 1.00035
0.681356 0.551356 0
0.948049 0.590456
0.636933 0.506933 0
1.16986 1.58318
0.601813 0.471813 0
1.0966 0.630858
0.509781 0.379781 0
1.31939 1.40289
0.485672 0.355672 0
1.33692 0.879317
0.735789 0.605789 0
1.30279 0.917431
0.620624 0.490624 0
1.32401 0.715125
0.554924 0.424924 0
1.34815 0.670348
0.502603 0.372603 0
1.34108 0.713719
0.456825 0.326825 0
1.34901 0.741619
0.655318 0.525318 0
1.19112 0.620066
0.517594 0.387594 0
1.24086 0.608848
0.633845 0.503845 0
1.30158 0.970717
0.546709 0.416709 0
1.279 1.3911
0.510611 0.380611 0
1.36423 1.4961
0.649495 0.519495 0
1.34283 1.48831
0.526872 0.396872 0
1.34198 1.52112
0.655379 0.525379 0
1.36038 1.52926
0.459584 0.329584 0
1.3634 1.51176
0.662789 0.532789 0
1.41726 1.22917
0.450819 0.320819 0
1.33273 0.84166
0.758507 0.628507 0
1.30426 0.826891
0.426185 0.296185 0
1.28261 1.58415
0.632759 0.502759 0
1.29543 1.55134
0.438624 0.308624 0
1.3607 1.47095
0.580804 0.450804 0
1.37857 1.51912
0.765319 0.635319 0
1.38379 1.47659
0.707395 0.577395 0
1.30314 0.805983
0.608283 0.478283 0
1.26576 0.813562
0.682662 0.552662 0
1.41825 1.1986
0.453114 0.323114 0
1.36746 1.06947
0.586517 0.456517 0
0.814609 0.631511
0.575286 0.445286 0
1.28123 1.33317
0.672396 0.542396 0
1.43574 1.20154
0.699973 0.569973 0
1.43899 1.22928
0.733018 0.603018 0
1.44229 1.21413
0.469167 0.339167 0
1.25408 1.27264
0.60694 0.47694 0
1.20309 0.589024
0.598492 0.468492 0
1.19254 0.601882
0.678536 0.548536 0
1.30697 0.943546
0.666317 0.536317 0
1.33037 0.678695
0.643294 0.513294 0
0.968771 0.733636
0.419385 0.289385 0
1.41125 1.07013
0.786206 0.656206 0
1.34233 0.952764
0.751756 0.621756 0
1.37815 1.30635
0.603119 0.473119 0
1.36898 1.26128
0.767309 0.637309 0
1.31381 1.36355
0.432911 0.302911 0
1.41074 0.986388
0.422291 0.292291 0
1.4187 1.02973
0.513334 0.383334 0
1.41199 1.00462
0.409375 0.279375 0
1.28414 0.738745
0.573663 0.443663 0
1.30841 0.792606
0.443666 0.313666 0
1.38193 1.07786
0.584796 0.454796 0
1.32586 1.505
0.589019 0.459019 0
1.45909 1.18944
0.450331 0.320331 0
1.45121 1.23745
0.773962 0.643962 0
1.30785 1.3792
0.491873 0.361873 0
1.37013 1.29422
0.637202 0.507202 0
1.25085 1.53147
0.40763 0.27763 0
1.33821 1.34172
0.766027 0.636027 0
1.30017 1.35723
0.415259 0.285259 0
1.34309 1.32004
0.694101 0.564101 0
1.44193 1.24921
0.578411 0.448411 0
1.29528 0.711337
0.561272 0.431272 0
1.30239 0.737508
0.510587 0.380587 0
1.35252 0.828353
0.753197 0.623197 0
1.35145 0.860256
0.60119 0.47119 0
1.32778 0.868063
0.587408 0.457408 0
1.42973 1.00324
0.465273 0.335273 0
1.43832 0.978076
0.640632 0.510632 0
1.39098 0.982404
0.531999 0.401999 0
1.3278 1.45089
0.672506 0.542506 0
1.32011 0.649166
0.606244 0.476244 0
1.36222 0.715511
0.54229 0.41229 0
1.35549 0.698318
0.513529 0.383529 0
1.40264 1.08413
0.488015 0.358015 0
1.3363 0.748153
0.620844 0.490844 0
1.37162 0.738459
0.690841 0.560841 0
1.36299 0.758667
0.563506 0.433506 0
1.32429 0.760533
0.433241 0.303241 0
1.26333 1.50381
0.553569 0.423569 0
1.35607 1.16535
0.625629 0.495629 0
1.37749 0.958658
0.445326 0.315326 0
1.33252 1.35793
0.673653 0.543653 0
1.07921 0.605334
0.541093 0.411093 0
1.11616 0.609713
0.637642 0.507642 0
1.27544 0.601448
0.583172 0.453172 0
1.28905 0.591012
0.645552 0.515552 0
1.42605 1.05448
0.748058 0.618058 0
1.41306 1.04354
0.612104 0.482104 0
1.42689 1.01713
0.784045 0.654045 0
1.35365 0.655903
0.73983 0.60983 0
1.37594 0.84724
0.766088 0.636088 0
1.22106 0.599384
0.481252 0.351252 0
1.30287 0.588545
0.529447 0.399447 0
1.39765 0.968582
0.476907 0.346907 0
1.24431 1.38744
0.738731 0.608731 0
1.35725 0.729962
0.699875 0.569875 0
1.39115 1.09527
0.799145 0.669145 0
1.39018 1.10963
0.485794 0.355794 0
1.37064 0.676631
0.674545 0.544545 0
1.27617 0.824602
0.55573 0.42573 0
1.11534 0.653002
0.789257 0.659257 0
1.42016 1.09536
0.599371 0.469371 0
1.29477 0.954103
0.611017 0.481017 0
1.32392 1.38793
0.728001 0.598001 0
1.30672 1.56983
0.68757 0.55757 0
1.3207 1.54235
0.57868 0.44868 0
1.37375 0.941509
0.491763 0.361763 0
1.40872 0.952097
0.705515 0.575515 0
1.34872 0.887724
0.668307 0.538307 0
1.064 0.595663
0.578594 0.448594 0
1.09691 0.586295
0.419532 0.289532 0
1.38114 0.689172
0.677963 0.547963 0
1.29669 1.21596
0.468911 0.338911 0
1.36043 1.44932
0.667428 0.537428 0
1.38033 1.46241
0.547404 0.417404 0
1.34452 1.45366
0.512015 0.382015 0
1.36208 0.951337
0.511429 0.381429 0
1.38874 0.939256
0.512894 0.382894 0
1.35191 0.92126
0.470888 0.340888 0
1.39797 0.918341
0.625251 0.495251 0
1.33012 0.961776
0.530827 0.400827 0
1.32642 0.9309
0.546977 0.416977 0
1.29998 0.780075
0.583233 0.453233 0
1.32713 0.904063
0.570159 0.440159 0
1.44404 1.00763
0.672909 0.542909 0
1.4404 0.993665
0.522306 0.392306 0
1.45473 0.994437
0.456508 0.326508 0
1.33433 0.812063
0.540886 0.410886 0
1.39692 0.864063
0.624262 0.494262 0
1.37655 0.824927
0.772265 0.642265 0
1.39585 0.830795
0.71102 0.58102 0
1.28117 1.47845
0.414978 0.284978 0
1.28708 1.49502
0.536699 0.406699 0
1.26807 1.01987
0.487661 0.357661 0
1.27085 0.925796
0.635444 0.505444 0
1.26158 0.9446
0.743028 0.613028 0
1.31502 0.775013
0.508805 0.378805 0
1.34478 0.77805
0.722275 0.592275 0
1.43266 0.935739
0.420301 0.290301 0
1.35491 1.42791
0.698166 0.568166 0
1.38448 1.42926
0.786877 0.656877 0
1.43627 1.17266
0.439674 0.309674 0
1.48581 1.21437
0.667196 0.537196 0
1.44532 1.18445
0.598505 0.468505 0
1.35859 1.35028
0.64803 0.51803 0
1.32803 0.734048
0.514164 0.384164 0
1.33819 0.762167
0.436244 0.306244 0
1.41419 0.853276
0.414563 0.284563 0
1.39697 0.811083
0.527799 0.397799 0
1.41517 0.826456
0.797949 0.667949 0
1.34504 0.639179
0.494485 0.364485 0
1.32361 0.629418
0.67441 0.54441 0
1.32793 0.66221
0.554753 0.424753 0
1.37263 1.44164
0.767284 0.637284 0
1.39769 1.43806
0.627375 0.497375 0
1.37054 1.42642
0.778881 0.648881 0
1.39442 1.41645
0.454579 0.324579 0
1.33253 1.41626
0.460036 0.330036 0
1.37741 1.54004
0.47615 0.34615 0
1.37602 1.50405
0.73961 0.60961 0
1.34237 1.54365
0.786389 0.656389 0
1.2786 0.954883
0.617194 0.487194 0
1.39277 0.95406
0.763475 0.633475 0
1.36725 0.91768
0.55208 0.42208 0
1.33803 0.855395
0.473281 0.343281 0
1.41644 1.12926
0.740611 0.610611 0
1.40388 1.45242
0.76986 0.63986 0
1.47894 1.23085
0.41637 0.28637 0
1.36602 0.876953
0.590228 0.460228 0
1.38225 1.34776
0.779846 0.649846 0
1.34392 1.3711
0.523344 0.393344 0
1.37774 1.36147
0.418079 0.288079 0
1.34545 0.936886
0.571245 0.441245 0
1.32382 1.57426
0.760363 0.630363 0
1.32582 1.37245
0.765001 0.635001 0
1.35557 1.38358
0.481875 0.351875 0
1.35994 0.843221
0.798779 0.668779 0
1.45058 1.029
0.465529 0.335529 0
1.29038 0.798141
0.752635 0.622635 0
0.988729 0.586948
0.410242 0.280242 0
1.32089 0.945336
0.537455 0.407455 0
1.28354 0.773366
0.685189 0.555189 0
1.16164 0.608484
0.565423 0.435423 0
1.30444 1.53829
0.419813 0.289813 0
1.37872 0.759624
0.775048 0.645048 0
1.38702 0.728492
0.542998 0.412998 0
1.34743 1.40996
0.771654 0.641654 0
1.35364 0.985329
0.787964 0.657964 0
1.36868 0.809988
0.532804 0.402804 0
1.39772 0.887333
0.415235 0.285235 0
1.38346 0.886486
0.522355 0.392355 0
1.43488 1.08497
0.621931 0.491931 0
1.33649 0.91925
0.607904 0.477904 0
1.04226 0.598794
0.55352 0.42352 0
1.37568 1.10104
0.533183 0.403183 0
1.36589 1.39407
0.763207 0.633207 0
1.30767 0.754846
0.510416 0.380416 0
1.38518 1.44793
0.523905 0.393905 0
1.37474 0.972408
0.41709 0.28709 0
1.34279 1.55932
0.43954 0.30954 0
1.37275 0.784689
0.557329 0.427329 0
1.41314 0.788885
0.774926 0.644926 0
1.42459 0.770438
0.430274 0.300274 0
1.39646 0.770124
0.677108 0.547108 0
1.2309 0.586068
0.485989 0.355989 0
1.25027 0.596855
0.646968 0.516968 0
1.32195 0.799036
0.693905 0.563905 0
1.26452 0.589331
0.485232 0.355232 0
1.40742 0.746922
0.549773 0.419773 0
1.38762 0.70556
0.535661 0.405661 0
1.34126 0.687846
0.7541 0.6241 0
1.3716 1.56056
0.42649 0.29649 0
1.39871 1.53662
0.458058 0.328058 0
1.38949 1.56107
0.521598 0.391598 0
1.40056 1.4775
0.542778 0.412778 0
1.39342 1.52096
0.784265 0.654265 0
1.41871 1.42473
0.523441 0.393441 0
1.44071 1.29172
0.77893 0.64893 0
1.40087 1.29448
0.401709 0.271709 0
1.35908 0.794031
0.540495 0.410495 0
1.31501 1.48766
0.778344 0.648344 0
1.34726 0.80314
0.475466 0.345466 0
1.45819 1.22261
0.432325 0.302325 0
1.46279 1.20592
0.77622 0.64622 0
1.38812 0.782626
0.423658 0.293658 0
1.35978 1.36802
0.476626 0.346626 0
1.38843 1.3876
0.4339 0.3039 0
1.32231 1.55816
0.707053 0.577053 0
1.39877 1.49167
0.572039 0.442039 0
1.37338 1.32749
0.565789 0.435789 0
1.386 1.32032
0.692477 0.562477 0
1.47005 1.03354
0.766564 0.636564 0
1.45838 1.01601
0.648091 0.518091 0
1.43319 0.848552
0.493521 0.363521 0
1.44021 0.827905
0.482998 0.352998 0
1.40191 0.843616
0.549528 0.419528 0
1.41252 0.87605
0.608148 0.478148 0
1.43951 0.870911
0.768358 0.638358 0
1.46402 0.969612
0.547368 0.417368 0
1.41737 0.968593
0.428175 0.298175 0
1.08147 0.629036
0.542131 0.412131 0
1.14943 1.54444
0.501236 0.371236 0
1.4179 0.892108
0.410645 0.280645 0
1.42343 1.28835
0.653243 0.523243 0
1.40271 1.30956
0.619794 0.489794 0
1.47844 0.99551
0.616633 0.486633 0
1.46304 0.94869
0.798157 0.668157 0
1.48728 0.965968
0.752965 0.622965 0
1.44545 0.952817
0.544194 0.414194 0
1.37358 1.37711
0.542351 0.412351 0
1.46699 0.98372
0.415687 0.285687 0
1.49855 0.97793
0.642036 0.512036 0
1.09957 1.57981
0.67452 0.54452 0
1.41188 1.39536
0.690854 0.560854 0
1.40497 1.37219
0.555779 0.425779 0
1.3965 1.33205
0.653352 0.523352 0
1.4289 1.40588
0.78103 0.65103 0
1.42582 1.37845
0.444447 0.314447 0
1.32644 1.5276
0.791931 0.661931 0
1.38553 0.907967
0.704819 0.574819 0
1.34349 0.902366
0.594562 0.464562 0
1.43704 1.11996
0.756981 0.626981 0
1.40742 1.11088
0.423829 0.293829 0
1.44046 1.09819
0.613898 0.483898 0
1.17723 1.36474
0.513004 0.383004 0
1.41818 1.30283
0.684213 0.554213 0
1.44906 1.27611
0.535905 0.405905 0
1.43663 1.31433
0.572198 0.442198 0
1.44831 0.745592
0.627277 0.497277 0
1.44328 0.783212
0.555864 0.425864 0
1.42287 1.53436
0.531352 0.401352 0
1.41694 1.51526
0.592853 0.462853 0
1.41664 1.55555
0.429469 0.299469 0
1.45167 0.929113
0.701413 0.571413 0
1.42177 0.920809
0.40481 0.27481 0
1.47258 1.19513
0.742955 0.612955 0
1.45628 1.16932
0.565349 0.435349 0
1.4571 0.835455
0.442274 0.312274 0
1.4318 0.816535
0.615595 0.485595 0
1.42243 1.32781
0.573687 0.443687 0
1.42201 1.35793
0.594024 0.464024 0
1.39567 1.35608
0.663057 0.533057 0
1.44437 1.5257
0.424244 0.294244 0
1.36046 0.905344
0.760656 0.630656 0
1.40054 1.50846
0.517106 0.387106 0
1.37935 0.86471
0.673971 0.543971 0
1.26589 1.40009
0.554912 0.424912 0
1.49968 1.0131
0.566717 0.436717 0
1.49496 0.996031
0.439857 0.309857 0
1.4814 1.01565
0.677401 0.547401 0
1.4342 1.26584
0.645991 0.515991 0
1.45361 1.04395
0.54019 0.41019 0
1.31883 0.605578
0.52692 0.39692 0
1.32172 0.589327
0.5507 0.4207 0
0.833448 0.586391
0.551518 0.421518 0
1.16345 0.592185
0.460573 0.330573 0
1.47117 0.933967
0.415052 0.285052 0
1.4973 1.24583
0.658003 0.528003 0
1.46128 1.24922
0.755895 0.625895 0
1.47854 1.18087
0.744407 0.614407 0
1.49563 1.18272
0.64543 0.51543 0
1.40131 0.715807
0.603363 0.473363 0
1.4241 0.710366
0.564312 0.434312 0
1.42437 0.695491
0.523869 0.393869 0
1.42178 0.736186
0.477895 0.347895 0
1.2159 1.32976
0.437843 0.307843 0
1.34941 1.58349
0.531608 0.401608 0
1.44166 1.05507
0.610541 0.480541 0
1.43406 0.897621
0.649873 0.519873 0
1.43743 1.4245
0.633015 0.503015 0
1.40967 1.4092
0.591717 0.461717 0
1.05349 0.6096
0.556694 0.426694 0
1.0208 0.608982
0.642183 0.512183 0
1.33562 0.794821
0.533317 0.403317 0
1.49579 1.16362
0.750511 0.620511 0
1.46833 0.849887
0.426893 0.296893 0
1.47152 0.823502
0.614447 0.484447 0
1.36139 1.41256
0.799927 0.669927 0
1.449 1.44327
0.604437 0.474437 0
1.44705 1.41141
0.492178 0.362178 0
1.42366 1.45009
0.772546 0.642546 0
1.40885 0.803109
0.758361 0.628361 0
1.41014 0.773626
0.547392 0.417392 0
1.42565 0.795792
0.659371 0.529371 0
1.41638 1.489
0.730552 0.600552 0
1.42781 1.46465
0.562676 0.432676 0
1.15009 0.61744
0.528336 0.398336 0
1.37015 0.648142
0.448097 0.318097 0
1.29983 0.884085
0.429737 0.299737 0
1.3847 0.663545
0.688449 0.558449 0
1.33933 1.39671
0.42234 0.29234 0
1.33821 0.613889
0.52797 0.39797 0
1.43463 1.04007
0.777148 0.647148 0
1.46536 1.05543
0.667183 0.537183 0
1.4638 1.40081
0.677218 0.547218 0
1.45854 1.42685
0.628388 0.498388 0
1.48494 1.03797
0.766039 0.636039 0
1.38981 1.37102
0.774694 0.644694 0
1.38912 1.40222
0.49855 0.36855 0
1.4696 1.41493
0.43346 0.30346 0
1.45876 1.06819
0.441066 0.311066 0
1.44316 1.393
0.585784 0.455784 0
1.36523 0.630225
0.635578 0.505578 0
1.48574 1.38528
0.67474 0.54474 0
1.46277 1.38598
0.470388 0.340388 0
1.39238 0.747706
0.507938 0.377938 0
1.29828 1.58288
0.430128 0.300128 0
1.14732 0.602779
0.633869 0.503869 0
1.12834 0.59654
0.487307 0.357307 0
1.43184 0.752039
0.606317 0.476317 0
1.44016 0.803304
0.591571 0.461571 0
1.46643 0.807369
0.468142 0.338142 0
1.43383 1.57765
0.563909 0.433909 0
1.46567 1.45562
0.432752 0.302752 0
1.42836 1.43551
0.55988 0.42988 0
1.457 1.30055
0.571026 0.441026 0
1.41341 1.34025
0.779357 0.649357 0
1.46762 0.760699
0.571123 0.441123 0
1.45903 0.787908
0.719651 0.589651 0
1.44966 0.96868
0.780468 0.650468 0
1.11265 0.593647
0.445045 0.315045 0
1.48678 1.2588
0.411548 0.281548 0
1.49336 1.27301
0.727171 0.597171 0
1.4513 1.1122
0.447218 0.317218 0
1.45733 1.08949
0.749486 0.619486 0
1.47553 1.2482
0.466164 0.336164 0
1.49775 1.29972
0.613495 0.483495 0
1.47778 1.29849
0.576006 0.446006 0
1.40979 0.689758
0.784985 0.654985 0
1.31968 1.14824
0.538615 0.408615 0
1.35472 0.603392
0.725681 0.595681 0
1.40453 0.936863
0.651668 0.521668 0
1.4893 0.946692
0.719089 0.589089 0
1.25285 1.35709
0.460085 0.330085 0
1.4659 1.54723
0.768786 0.638786 0
1.45132 1.51292
0.563054 0.433054 0
1.43495 1.51065
0.472903 0.342903 0
1.43958 1.5402
0.704196 0.574196 0
1.39098 0.796537
0.411255 0.281255 0
1.33517 0.597211
0.637104 0.507104 0
1.36379 0.591949
0.468996 0.338996 0
1.49022 1.41304
0.793249 0.663249 0
1.49243 1.43657
0.515995 0.385995 0
1.44153 1.45532
0.595465 0.465465 0
1.3699 1.58076
0.411341 0.281341 0
1.39686 1.57649
0.408496 0.278496 0
1.39305 0.638343
0.659749 0.529749 0
1.3973 0.622496
0.446376 0.316376 0
1.46857 1.10748
0.659761 0.529761 0
1.43586 1.07037
0.716782 0.586782 0
1.44538 1.36822
0.403259 0.273259 0
1.48022 1.36943
0.524186 0.394186 0
1.46527 1.3716
0.561455 0.431455 0
1.46049 1.32216
0.42588 0.29588 0
1.44684 1.32774
0.774755 0.644755 0
1.4947 0.8444
0.488968 0.358968 0
1.49493 0.819543
0.701987 0.571987 0
1.46021 1.26401
0.48168 0.35168 0
1.45865 1.15377
0.629121 0.499121 0
1.42411 1.15241
0.498868 0.368868 0
1.3861 1.29452
0.638362 0.508362 0
1.45714 1.3474
0.718796 0.588796 0
1.47283 0.720377
0.745482 0.615482 0
1.45951 0.73088
0.767589 0.637589 0
1.41493 0.617882
0.676632 0.546632 0
1.41201 0.636803
0.777905 0.647905 0
1.47652 1.27066
0.725401 0.595401 0
1.47404 1.0848
0.719431 0.589431 0
1.47981 1.06791
0.456447 0.326447 0
1.44189 0.909773
0.601862 0.471862 0
1.47728 1.1666
0.75454 0.62454 0
1.4999 1.38121
0.754686 0.624686 0
1.39561 0.679671
0.505325 0.375325 0
1.03376 0.585803
0.423292 0.293292 0
1.16503 0.631045
0.489944 0.359944 0
1.47866 1.52685
0.637532 0.507532 0
1.47007 1.49238
0.724705 0.594705 0
1.45356 0.876993
0.756017 0.626017 0
1.46399 0.890832
0.735752 0.605752 0
1.45435 0.86298
0.719102 0.589102 0
1.4777 0.899121
0.770727 0.640727 0
1.07657 0.588157
0.702841 0.572841 0
1.42383 0.674971
0.569512 0.439512 0
1.48015 1.3539
0.408252 0.278252 0
1.42769 0.640242
0.691964 0.561964 0
1.41177 0.595298
0.692477 0.562477 0
1.43453 0.600207
0.782006 0.652006 0
1.47546 0.917937
0.502518 0.372518 0
1.4988 0.931385
0.786718 0.656718 0
1.48994 0.91582
0.757567 0.627567 0
1.49967 1.23166
0.692563 0.562563 0
1.367 0.615336
0.591607 0.461607 0
1.48442 0.756491
0.642293 0.512293 0
1.44736 1.13051
0.46686 0.33686 0
1.44914 0.768502
0.402979 0.272979 0
1.41449 0.760232
0.546147 0.416147 0
1.38719 0.609804
0.718857 0.588857 0
1.46568 1.13208
0.423658 0.293658 0
1.49414 0.895565
0.752013 0.622013 0
1.49758 0.87974
0.50408 0.37408 0
1.42351 1.11388
0.440272 0.310272 0
1.43839 1.34513
0.643245 0.513245 0
1.49843 1.20486
0.633088 0.503088 0
1.49053 0.733262
0.767174 0.637174 0
1.45378 0.698517
0.554595 0.424595 0
1.49662 0.698535
0.521586 0.391586 0
1.42985 0.623742
0.738108 0.608108 0
1.45166 1.48973
0.420215 0.290215 0
1.44157 1.47559
0.526347 0.396347 0
1.49842 1.50466
0.508182 0.378182 0
1.4958 1.51921
0.589154 0.459154 0
1.45677 1.53633
0.485379 0.355379 0
1.46591 1.52027
0.72363 0.59363 0
0.947745 0.710089
0.595062 0.465062 0
1.48988 1.05214
0.72125 0.59125 0
1.44673 1.55806
0.424183 0.294183 0
1.01568 0.586625
0.562041 0.432041 0
1.35763 0.684247
0.534843 0.404843 0
1.40801 0.670143
0.478286 0.348286 0
1.45543 0.676345
0.599713 0.469713 0
1.47375 0.678247
0.768212 0.638212 0
1.37098 0.702234
0.50015 0.37015 0
1.10178 0.614841
0.484744 0.354744 0
1.44058 1.14979
0.71135 0.58135 0
1.47832 0.861223
0.52537 0.39537 0
1.42865 0.659685
0.696994 0.566994 0
1.47908 1.56349
0.655733 0.525733 0
1.48164 0.793386
0.41482 0.28482 0
1.43886 0.728557
0.46343 0.33343 0
1.41441 1.57259
0.64438 0.51438 0
1.49546 0.660567
0.407678 0.277678 0
1.47879 0.699856
0.539787 0.409787 0
1.40601 0.732234
0.656124 0.526124 0
1.43778 0.705712
0.6331 0.5031 0
1.43818 0.685984
0.732591 0.602591 0
1.43058 0.961551
0.717637 0.587637 0
1.41349 1.43857
0.587591 0.457591 0
1.48452 1.44985
0.475698 0.345698 0
1.44361 0.645915
0.797705 0.667705 0
1.4487 0.659334
0.631904 0.501904 0
1.44777 0.621226
0.651143 0.521143 0
1.49987 1.36351
0.460427 0.330427 0
1.4742 1.43418
0.733738 0.603738 0
1.47157 0.746383
0.703928 0.573928 0
1.46901 0.777407
0.542436 0.412436 0
1.01603 0.626805
0.421632 0.291632 0
1.34338 1.43658
0.473782 0.343782 0
1.10189 0.644044
0.625983 0.495983 0
1.40594 0.651115
0.509696 0.379696 0
1.4739 1.50602
0.639033 0.509033 0
1.35587 1.56611
0.705527 0.575527 0
1.35826 1.54886
0.754845 0.624845 0
1.38031 0.630042
0.423524 0.293524 0
1.47618 1.14484
0.47831 0.34831 0
1.49378 1.14064
0.599164 0.469164 0
1.46186 0.622196
0.777721 0.647721 0
1.46508 0.665756
0.62873 0.49873 0
1.46899 0.635012
0.48583 0.35583 0
1.48609 1.12435
0.773717 0.643717 0
1.48154 0.981207
0.663533 0.533533 0
1.48169 1.32796
0.740562 0.610562 0
1.46689 1.33548
0.649507 0.519507 0
1.48145 0.657616
0.564031 0.434031 0
1.30821 0.634438
0.711801 0.581801 0
1.46487 1.58048
0.748216 0.618216 0
1.48421 1.58275
0.538749 0.408749 0
1.49939 1.56786
0.451161 0.321161 0
1.48412 1.54485
0.511637 0.381637 0
1.49886 1.11686
0.587628 0.457628 0
1.48302 1.09762
0.435731 0.305731 0
1.4399 0.671959
0.718418 0.588418 0
1.37839 0.592152
0.423475 0.293475 0
1.49321 1.07909
0.546452 0.416452 0
1.45101 0.718182
0.770678 0.640678 0
1.19483 0.872134
0.795764 0.665764 0
1.48067 0.622959
0.595904 0.465904 0
1.49903 1.06616
0.663558 0.533558 0
0.869675 1.58269
0.573309 0.443309 0
1.49504 1.46099
0.754967 0.624967 0
1.45305 0.819996
0.730149 0.600149 0
1.45994 0.601412
0.685409 0.555409 0
1.49796 0.639539
0.653572 0.523572 0
1.49761 0.615964
0.61811 0.48811 0
1.46145 0.647498
0.404724 0.274724 0
1.47402 0.606489
0.742235 0.612235 0
1.48859 1.31041
0.623383 0.493383 0
1.46127 1.56356
0.541752 0.411752 0
1.43053 0.883045
0.772839 0.642839 0
1.4887 0.684755
0.705966 0.575966 0
1.44929 1.57364
0.672567 0.542567 0
1.49597 0.798193
0.739476 0.609476 0
1.49992 1.54217
0.644722 0.514722 0
1.49583 0.777245
0.792908 0.662908 0
1.37682 1.40974
0.411023 0.281023 0
1.43126 1.18645
0.605121 0.475121 0
1.48896 1.4911
0.567852 0.437852 0
1.40283 0.904621
0.573296 0.443296 0
1.46964 0.873746
0.489944 0.359944 0
1.34916 0.585578
0.699472 0.569472 0
1.49863 1.34265
0.717246 0.587246 0
1.4996 1.3217
0.550493 0.420493 0
1.43433 1.49659
0.514298 0.384298 0
1.46448 1.47863
0.662484 0.532484 0
1.48203 1.47062
0.608307 0.478307 0
1.4325 1.13633
0.672152 0.542152 0
1.48132 0.591938
0.559294 0.429294 0
1.45489 1.46744
0.713999 0.583999 0
1.45158 0.584742
0.445021 0.315021 0
1.46704 0.586036
0.735911 0.605911 0
1.49804 0.601065
0.60329 0.47329 0
3.3693 3.96136
0 0.3 0.7
3.37665 3.98086
0 0.3 0.7
3.39259 3.93935
0 0.3 0.7
3.37871 3.94064
0 0.3 0.7
3.39122 3.98546
0 0.3 0.7
3.38419 3.96097
0 0.3 0.7
3.34875 3.98115
0 0.3 0.7
3.40052 3.95818
0 0.3 0.7
3.40104 3.91979
0 0.3 0.7
3.38373 3.90641
0 0.3 0.7
3.40486 3.97642
0 0.3 0.7
3.40799 4.00731
0 0.3 0.7
3.36966 4.00107
0 0.3 0.7
3.34977 4.00042
0 0.3 0.7
3.34238 4.01382
0 0.3 0.7
3.37349 4.02727
0 0.3 0.7
3.35787 4.01429
0 0.3 0.7
3.38339 4.00543
0 0.3 0.7
3.36409 3.94534
0 0.3 0.7
3.40656 3.94093
0 0.3 0.7
3.36666 3.92867
0 0.3 0.7
3.35256 3.93589
0 0.3 0.7
3.3381 3.92012
0 0.3 0.7
3.41546 3.91812
0 0.3 0.7
3.33575 3.94151
0 0.3 0.7
3.32056 3.94647
0 0.3 0.7
3.3564 3.91197
0 0.3 0.7
3.41769 3.99073
0 0.3 0.7
3.4143 3.9629
0 0.3 0.7
3.34355 3.90546
0 0.3 0.7
3.32063 3.90927
0 0.3 0.7
3.38635 3.92418
0 0.3 0.7
3.39399 4.01991
0 0.3 0.7
3.4059 4.02921
0 0.3 0.7
3.37984 4.05369
0 0.3 0.7
3.41355 4.05258
0 0.3 0.7
3.38993 4.04257
0 0.3 0.7
3.37172 4.0414
0 0.3 0.7
3.36585 4.05605
0 0.3 0.7
3.3868 4.06655
0 0.3 0.7
3.3302 3.95805
0 0.3 0.7
3.35023 4.03063
0 0.3 0.7
3.33419 4.04298
0 0.3 0.7
3.39952 4.08335
0 0.3 0.7
3.37159 4.08221
0 0.3 0.7
3.32581 4.0229
0 0.3 0.7
3.34063 4.05626
0 0.3 0.7
3.35331 4.04789
0 0.3 0.7
3.35339 4.07095
0 0.3 0.7
3.37627 4.09657
0 0.3 0.7
3.32096 3.92623
0 0.3 0.7
3.32866 3.99663
0 0.3 0.7
3.35033 4.09331
0 0.3 0.7
3.4175 4.10563
0 0.3 0.7
3.40388 4.06677
0 0.3 0.7
3.39821 4.09911
0 0.3 0.7
3.32936 4.09254
0 0.3 0.7
3.33031 4.07669
0 0.3 0.7
3.41717 4.09138
0 0.3 0.7
3.32669 3.97197
0 0.3 0.7
3.3198 4.06092
0 0.3 0.7
3.48986 4.08855
0 0.3 0.7
3.49226 4.06278
0 0.3 0.7
3.4734 4.07664
0 0.3 0.7
3.46481 4.08945
0 0.3 0.7
3.48905 4.1039
0 0.3 0.7
3.4395 4.08336
0 0.3 0.7
3.47129 4.10537
0 0.3 0.7
3.44568 4.06807
0 0.3 0.7
3.47606 4.05961
0 0.3 0.7
3.46688 4.03633
0 0.3 0.7
3.4197 4.08506
0 0.3 0.7
3.4285 4.05499
0 0.3 0.7
3.46201 4.05017
0 0.3 0.7
3.4501 4.03284
0 0.3 0.7
3.46079 4.06659
0 0.3 0.7
3.42596 4.09793
0 0.3 0.7
3.45171 4.09913
0 0.3 0.7
3.48623 4.04622
0 0.3 0.7
3.41345 4.11122
0 0.3 0.7
3.40442 4.09099
0 0.3 0.7
3.48533 4.02448
0 0.3 0.7
3.46477 4.02191
0 0.3 0.7
3.49326 4.00997
0 0.3 0.7
3.47572 4.00896
0 0.3 0.7
3.4349 4.02561
0 0.3 0.7
3.42808 4.11502
0 0.3 0.7
3.41865 4.00963
0 0.3 0.7
3.41297 4.03352
0 0.3 0.7
3.4324 4.00115
0 0.3 0.7
3.40541 4.07127
0 0.3 0.7
3.40016 4.0559
0 0.3 0.7
3.40648 4.01668
0 0.3 0.7
3.45129 4.01386
0 0.3 0.7
3.48533 3.98761
0 0.3 0.7
3.45686 3.98409
0 0.3 0.7
3.39774 4.03626
0 0.3 0.7
3.44222 3.98949
0 0.3 0.7
3.46548 3.99669
0 0.3 0.7
3.47412 3.97092
0 0.3 0.7
3.44821 3.97251
0 0.3 0.7
3.42263 3.98148
0 0.3 0.7
3.39799 4.00291
0 0.3 0.7
3.41445 4.05217
0 0.3 0.7
3.41633 3.95897
0 0.3 0.7
3.43683 3.96036
0 0.3 0.7
3.44733 3.94301
0 0.3 0.7
3.41599 3.93229
0 0.3 0.7
3.42645 3.9444
0 0.3 0.7
3.40567 3.94798
0 0.3 0.7
3.445 3.91835
0 0.3 0.7
3.42002 4.06856
0 0.3 0.7
3.43544 3.93122
0 0.3 0.7
3.42347 3.91829
0 0.3 0.7
3.4624 3.95571
0 0.3 0.7
3.39754 3.96389
0 0.3 0.7
3.39813 3.92749
0 0.3 0.7
3.47934 3.95606
0 0.3 0.7
3.4621 3.93682
0 0.3 0.7
3.40682 3.98692
0 0.3 0.7
3.4812 3.93252
0 0.3 0.7
3.46404 3.91806
0 0.3 0.7
3.49245 3.973
0 0.3 0.7
3.49167 3.9494
0 0.3 0.7
3.40766 3.91444
0 0.3 0.7
3.49351 3.92502
0 0.3 0.7
