2217
0.80086 1.13921
0.553825 0.423825 0
0.816775 1.12123
0.485647 0.355647 0
0.812877 1.14998
0.667818 0.537818 0
0.80285 1.12275
0.64366 0.51366 0
0.817672 1.09717
0.783325 0.653325 0
0.832386 1.13733
0.660298 0.530298 0
0.842348 1.11843
0.449049 0.319049 0
0.834116 1.09068
0.500821 0.370821 0
0.850007 1.09548
0.460012 0.330012 0
0.868773 1.11753
0.533341 0.403341 0
0.815901 1.08279
0.577593 0.447593 0
0.876026 1.07872
0.701083 0.571083 0
0.852727 1.07648
0.614826 0.484826 0
0.830046 1.10764
0.662227 0.532227 0
0.861262 1.14127
0.630537 0.500537 0
0.831488 1.07059
0.564959 0.434959 0
0.849383 1.1563
0.530973 0.400973 0
0.835567 1.1586
0.463076 0.333076 0
0.880635 1.12651
0.761986 0.631986 0
0.87031 1.17666
0.622431 0.492431 0
0.829918 1.18009
0.64134 0.51134 0
0.852867 1.17739
0.76881 0.63881 0
0.819463 1.06279
0.678951 0.548951 0
0.815055 1.17505
0.535514 0.405514 0
0.809646 1.20692
0.610846 0.480846 0
0.82862 1.03592
0.431617 0.301617 0
0.806196 1.04983
0.483547 0.353547 0
0.839203 1.05748
0.62154 0.49154 0
0.802109 1.07168
0.616669 0.486669 0
0.88262 1.10966
0.532707 0.402707 0
0.805347 1.19248
0.694137 0.564137 0
0.82019 1.19155
0.639656 0.509656 0
0.835763 1.19307
0.43849 0.30849 0
0.816483 1.13529
0.761376 0.631376 0
0.907587 1.11207
0.557854 0.427854 0
0.880206 1.09583
0.503299 0.373299 0
0.901441 1.09078
0.771422 0.641422 0
0.893708 1.07284
0.726182 0.596182 0
0.863084 1.05812
0.767138 0.637138 0
0.892841 1.05809
0.580731 0.450731 0
0.862521 1.03979
0.574126 0.444126 0
0.802238 1.16926
0.760741 0.630741 0
0.932005 1.08753
0.492496 0.362496 0
0.89879 1.12787
0.646492 0.516492 0
0.930999 1.12786
0.464553 0.334553 0
0.913456 1.12698
0.586358 0.456358 0
0.843335 1.03877
0.444337 0.314337 0
0.879019 1.05234
0.746129 0.616129 0
0.896971 1.14397
0.775878 0.645878 0
0.922328 1.10618
0.794433 0.664433 0
0.850143 1.20002
0.676156 0.546156 0
0.927255 1.07406
0.636604 0.506604 0
0.905056 1.03331
0.684994 0.554994 0
0.938836 1.05217
0.710605 0.580605 0
0.945416 1.0935
0.44153 0.31153 0
0.944651 1.07647
0.665108 0.535108 0
0.835333 1.22367
0.626325 0.496325 0
0.806373 1.22415
0.403748 0.273748 0
0.810584 1.01892
0.417713 0.287713 0
0.844567 1.01793
0.748595 0.618595 0
0.882564 1.15126
0.403125 0.273125 0
0.915293 1.14322
0.401758 0.271758 0
0.825636 1.01214
0.607941 0.477941 0
0.825409 1.21145
0.716562 0.586562 0
0.832272 1.24006
0.40907 0.27907 0
0.802898 1.24304
0.476955 0.346955 0
0.80441 1.035
0.635261 0.505261 0
0.879981 1.03679
0.679733 0.549733 0
0.880846 1.02024
0.772411 0.642411 0
0.850048 1.23075
0.663546 0.533546 0
0.949856 1.11728
0.540263 0.410263 0
0.931198 1.14305
0.686874 0.556874 0
0.942824 1.15108
0.635322 0.505322 0
0.908658 1.16564
0.669539 0.539539 0
0.955327 1.16235
0.795178 0.665178 0
0.956615 1.14103
0.732456 0.602456 0
0.927267 1.17784
0.780932 0.650932 0
0.857727 1.21287
0.445778 0.315778 0
0.872543 1.25178
0.446828 0.316828 0
0.838235 1.25646
0.777685 0.647685 0
0.896905 1.01884
0.620417 0.490417 0
0.918931 1.05198
0.474477 0.344477 0
0.958148 1.07222
0.501187 0.371187 0
0.930469 1.03721
0.647114 0.517114 0
0.958651 1.04472
0.752916 0.622916 0
0.887002 1.22679
0.53975 0.40975 0
0.860484 1.24252
0.66158 0.53158 0
0.888423 1.25616
0.663753 0.533753 0
0.913388 1.08056
0.510404 0.380404 0
0.915135 1.00803
0.742711 0.612711 0
0.884319 0.998509
0.533464 0.403464 0
0.871188 0.977704
0.484793 0.354793 0
0.899172 0.984851
0.500394 0.370394 0
0.821301 1.22745
0.723545 0.593545 0
0.962678 1.03073
0.608124 0.478124 0
0.821662 1.04863
0.600726 0.470726 0
0.968981 1.10237
0.758654 0.628654 0
0.877302 1.1975
0.453249 0.323249 0
0.861058 1.16544
0.537626 0.407626 0
0.853518 1.2567
0.760179 0.630179 0
0.822821 1.25856
0.524662 0.394662 0
0.889933 1.21305
0.557268 0.427268 0
0.89885 1.17799
0.413868 0.283868 0
0.866305 1.22472
0.583013 0.453013 0
0.913531 1.23869
0.65229 0.52229 0
0.904044 1.2096
0.733677 0.603677 0
0.862542 1.02418
0.56386 0.43386 0
0.894165 1.04216
0.624311 0.494311 0
0.882903 1.16966
0.667916 0.537916 0
0.930398 1.16332
0.628474 0.498474 0
0.919424 1.20465
0.774035 0.644035 0
0.951528 1.20256
0.751512 0.621512 0
0.910981 1.1891
0.688913 0.558913 0
0.975967 1.13132
0.530314 0.400314 0
0.966236 1.08535
0.455922 0.325922 0
0.896979 1.19242
0.497415 0.367415 0
0.904806 1.22763
0.614728 0.484728 0
0.879904 0.957566
0.647383 0.517383 0
0.858097 0.960894
0.665719 0.535719 0
0.894671 0.96431
0.65146 0.52146 0
0.911862 1.26913
0.403052 0.273052 0
0.903206 1.28205
0.728648 0.598648 0
0.86342 1.2677
0.690268 0.560268 0
0.87833 0.940968
0.751744 0.621744 0
0.85762 0.935095
0.643733 0.513733 0
0.904959 0.935561
0.792273 0.662273 0
0.990924 1.08904
0.511966 0.381966 0
0.975975 1.07365
0.540312 0.410312 0
0.968076 1.06062
0.442775 0.312775 0
0.992481 1.10342
0.723533 0.593533 0
0.983813 1.05728
0.665072 0.535072 0
0.990509 1.07296
0.444325 0.314325 0
0.972833 1.16939
0.629072 0.499072 0
0.946354 1.17327
0.704709 0.574709 0
1.01104 1.08878
0.795849 0.665849 0
1.00973 1.07217
0.745433 0.615433 0
0.939046 0.986757
0.496219 0.366219 0
0.927997 1.02043
0.639583 0.509583 0
0.937384 1.2146
0.439271 0.309271 0
0.938321 1.24367
0.499869 0.369869 0
0.870361 1.00908
0.492032 0.362032 0
0.839793 1.00456
0.534916 0.404916 0
0.812029 1.00351
0.524479 0.394479 0
0.809726 0.984356
0.671993 0.541993 0
0.854283 0.996101
0.668197 0.538197 0
0.839077 0.986857
0.401477 0.271477 0
0.846238 0.945155
0.721714 0.591714 0
0.846866 0.973289
0.543474 0.413474 0
1.00038 1.14881
0.502567 0.372567 0
0.949979 1.22192
0.437098 0.307098 0
0.951599 1.25186
0.743138 0.613138 0
0.930145 1.27099
0.660775 0.530775 0
0.854342 1.28589
0.706699 0.576699 0
0.877547 1.27453
0.45425 0.32425 0
1.014 1.10673
0.710105 0.580105 0
0.937206 1.19802
0.583502 0.453502 0
0.9684 1.19471
0.630891 0.500891 0
1.03298 1.07649
0.514689 0.384689 0
1.00946 1.0542
0.699277 0.569277 0
1.04333 1.08976
0.695944 0.565944 0
1.05751 1.10016
0.679525 0.549525 0
1.05257 1.06765
0.533586 0.403586 0
0.817941 0.97125
0.580169 0.450169 0
0.869852 0.994966
0.744407 0.614407 0
0.969104 1.21647
0.549004 0.419004 0
0.967297 1.24212
0.415723 0.285723 0
1.0291 1.09219
0.656612 0.526612 0
1.03732 1.1039
0.762889 0.632889 0
0.924013 0.973837
0.700803 0.570803 0
0.960355 1.00108
0.486184 0.356184 0
0.939276 0.960556
0.624641 0.494641 0
0.989124 1.21366
0.649483 0.519483 0
0.98237 1.23898
0.682284 0.552284 0
1.05989 1.08612
0.57813 0.44813 0
0.897824 0.922166
0.559209 0.429209 0
0.873454 0.918012
0.456044 0.326044 0
0.991463 1.19673
0.507559 0.377559 0
0.98513 1.17836
0.740037 0.610037 0
0.972232 1.25535
0.64239 0.51239 0
0.889831 0.905481
0.453737 0.323737 0
0.920597 0.904144
0.711057 0.581057 0
0.898528 0.948345
0.725022 0.595022 0
0.919172 1.298
0.545476 0.415476 0
0.889332 1.29425
0.636702 0.506702 0
0.980652 1.02374
0.48627 0.35627 0
0.974644 0.99726
0.424696 0.294696 0
0.986793 1.14256
0.777441 0.647441 0
0.946733 1.29241
0.72667 0.59667 0
0.915065 1.25485
0.722117 0.592117 0
0.919782 1.28329
0.410047 0.280047 0
0.953903 0.971902
0.512308 0.382308 0
0.916418 0.989274
0.74077 0.61077 0
0.874043 1.30358
0.549467 0.419467 0
0.834791 1.30092
0.741758 0.611758 0
0.85995 1.31083
0.608026 0.478026 0
0.836068 1.27041
0.785107 0.655107 0
0.98174 1.11834
0.610334 0.480334 0
1.00918 1.12693
0.412683 0.282683 0
1.02726 1.14311
0.729087 0.599087 0
1.01025 1.18118
0.536662 0.406662 0
1.02432 1.12055
0.462233 0.332233 0
0.993693 1.12583
0.784912 0.654912 0
0.83396 1.32565
0.485684 0.355684 0
0.814801 1.28072
0.675973 0.545973 0
0.834968 0.960994
0.53018 0.40018 0
0.93584 0.896784
0.583563 0.453563 0
0.931972 0.925233
0.701755 0.571755 0
0.934745 0.881436
0.733067 0.603067 0
1.00508 1.16405
0.418824 0.288824 0
1.04367 1.14381
0.610492 0.480492 0
0.971653 1.15452
0.724326 0.594326 0
0.943377 1.13442
0.409168 0.279168 0
0.960137 0.986451
0.797339 0.667339 0
0.943571 1.01335
0.53975 0.40975 0
0.8254 0.947166
0.686923 0.556923 0
0.835721 0.921933
0.436756 0.306756 0
1.05212 1.12007
0.669234 0.539234 0
1.0308 1.16499
0.757689 0.627689 0
1.05232 1.1614
0.639253 0.509253 0
0.851052 0.910335
0.440321 0.310321 0
0.867039 0.89877
0.440175 0.310175 0
0.875444 0.878856
0.410071 0.280071 0
0.854792 0.883896
0.655867 0.525867 0
0.985875 1.16239
0.660445 0.530445 0
0.860629 1.3279
0.59566 0.46566 0
0.84481 1.33585
0.618793 0.488793 0
0.973336 0.975363
0.636238 0.506238 0
0.983588 0.985428
0.603632 0.473632 0
0.96467 1.01664
0.40144 0.27144 0
0.986112 1.04276
0.430457 0.300457 0
0.957867 0.88007
0.708664 0.578664 0
0.930878 0.858117
0.680514 0.550514 0
0.915445 0.861024
0.439198 0.309198 0
0.951551 0.893296
0.45967 0.32967 0
0.998871 1.25782
0.550627 0.420627 0
1.00387 1.01771
0.694687 0.564687 0
1.00533 1.00277
0.589715 0.459715 0
0.90371 0.902871
0.589239 0.459239 0
0.915913 0.920613
0.538151 0.408151 0
1.03045 1.201
0.444923 0.314923 0
1.02459 0.998949
0.476333 0.346333 0
1.01647 1.02611
0.68995 0.55995 0
0.999491 1.03732
0.636348 0.506348 0
0.824178 0.984809
0.703232 0.573232 0
0.958768 0.937244
0.781017 0.651017 0
1.01264 1.21778
0.72241 0.59241 0
0.886393 1.32374
0.744115 0.614115 0
0.922494 0.944688
0.630976 0.500976 0
0.951609 1.2752
0.445497 0.315497 0
0.98926 1.27337
0.783349 0.653349 0
0.835378 1.35453
0.404993 0.274993 0
1.04656 1.19048
0.696042 0.566042 0
1.03538 1.22331
0.570318 0.440318 0
0.975219 0.959209
0.659004 0.529004 0
0.943603 0.940755
0.797241 0.667241 0
0.978539 0.912192
0.753099 0.623099 0
0.875154 1.33304
0.42367 0.29367 0
0.96698 0.868514
0.64803 0.51803 0
0.894805 0.881049
0.514908 0.384908 0
0.92102 0.887068
0.749705 0.619705 0
1.06972 1.16418
0.773229 0.643229 0
1.04311 1.17543
0.416407 0.286407 0
1.07126 1.17919
0.453249 0.323249 0
1.0252 1.1827
0.520719 0.390719 0
0.902157 1.2493
0.752904 0.622904 0
0.890599 1.24051
0.446913 0.316913 0
0.948263 0.919061
0.510184 0.380184 0
0.977879 0.929977
0.533427 0.403427 0
1.06627 1.06253
0.677413 0.547413 0
1.07733 1.07267
0.445619 0.315619 0
1.07432 1.21703
0.616926 0.486926 0
1.0987 1.07797
0.446034 0.316034 0
1.09324 1.04929
0.616889 0.486889 0
1.08593 1.08469
0.467922 0.337922 0
1.09797 1.0934
0.409815 0.279815 0
1.10301 1.11038
0.541862 0.411862 0
1.11156 1.08472
0.744237 0.614237 0
0.99007 1.00458
0.726609 0.596609 0
1.02902 0.981928
0.456203 0.326203 0
0.80398 0.949561
0.501859 0.371859 0
0.971855 1.27151
0.467544 0.337544 0
1.00024 0.949936
0.64438 0.51438 0
0.989293 0.939651
0.546672 0.416672 0
0.996339 0.923724
0.577911 0.447911 0
0.963916 0.915197
0.760302 0.630302 0
0.817938 1.24183
0.713584 0.583584 0
0.819865 1.31206
0.766198 0.636198 0
0.813888 1.298
0.429383 0.299383 0
0.955926 0.858021
0.701584 0.571584 0
1.06858 1.04257
0.52526 0.39526 0
1.03642 1.12878
0.45663 0.32663 0
1.08238 1.09843
0.685531 0.555531 0
0.818942 0.919974
0.639045 0.509045 0
0.859949 1.34335
0.530387 0.400387 0
0.889091 1.35574
0.783276 0.653276 0
1.04538 0.965764
0.496036 0.366036 0
1.04339 1.00205
0.587017 0.457017 0
1.02653 0.966149
0.495535 0.365535 0
0.897718 0.854206
0.417591 0.287591 0
0.868069 0.85665
0.53256 0.40256 0
1.01361 0.959833
0.67225 0.54225 0
1.01211 0.920317
0.615705 0.485705 0
0.890373 1.33758
0.449135 0.319135 0
0.909157 1.33041
0.703293 0.573293 0
0.874391 1.37755
0.63979 0.50979 0
0.90396 1.35623
0.64648 0.51648 0
0.870258 1.28823
0.438575 0.308575 0
1.06512 1.19517
0.443532 0.313532 0
1.09333 1.20088
0.431605 0.301605 0
1.05353 1.21253
0.618451 0.488451 0
1.08986 1.21876
0.52487 0.39487 0
1.0869 1.23582
0.444435 0.314435 0
1.06619 1.23089
0.450282 0.320282 0
0.997533 0.980721
0.495962 0.365962 0
0.99003 0.968296
0.698752 0.568752 0
0.824443 1.3738
0.482498 0.352498 0
0.85928 1.37976
0.720371 0.590371 0
0.841823 1.3697
0.743052 0.613052 0
0.812992 1.36231
0.555022 0.425022 0
0.946235 0.999403
0.612445 0.482445 0
0.93211 1.00134
0.759948 0.629948 0
1.11488 1.21805
0.7588 0.6288 0
1.11654 1.17543
0.636506 0.506506 0
0.840111 1.28568
0.785803 0.655803 0
1.13923 1.20696
0.574786 0.444786 0
1.13408 1.24071
0.744761 0.614761 0
1.12748 1.19706
0.681637 0.551637 0
0.962356 1.17898
0.557756 0.427756 0
1.04254 1.03177
0.58775 0.45775 0
1.0269 1.03592
0.767003 0.637003 0
1.1072 1.23656
0.688571 0.558571 0
1.05405 1.04588
0.744896 0.614896 0
1.03811 1.0532
0.515726 0.385726 0
0.854836 1.39426
0.574981 0.444981 0
0.898563 1.40163
0.508292 0.378292 0
1.03034 0.949858
0.696078 0.566078 0
1.01097 0.938359
0.606867 0.476867 0
0.921341 1.35669
0.740184 0.610184 0
1.06018 1.14698
0.678976 0.548976 0
1.08275 1.15509
0.639216 0.509216 0
1.06031 1.13192
0.450295 0.320295 0
1.08504 1.12665
0.676571 0.546571 0
0.916144 1.31336
0.614277 0.484277 0
0.939666 1.31752
0.766234 0.636234 0
0.924641 1.22484
0.771178 0.641178 0
0.92325 0.87266
0.505765 0.375765 0
0.836225 1.40397
0.458168 0.328168 0
0.884662 1.40682
0.518912 0.388912 0
0.869071 1.36193
0.623286 0.493286 0
0.941471 0.839109
0.729148 0.599148 0
0.91416 0.844864
0.718528 0.588528 0
1.06405 1.01085
0.537931 0.407931 0
1.05154 0.980076
0.591815 0.461815 0
0.872683 1.31834
0.669417 0.539417 0
0.889758 1.38547
0.792138 0.662138 0
1.08446 1.17431
0.73773 0.60773 0
1.08891 1.14071
0.418812 0.288812 0
0.910333 1.43289
0.444398 0.314398 0
0.871838 1.41871
0.493728 0.363728 0
0.989007 0.860368
0.569634 0.439634 0
0.977569 0.884631
0.463771 0.333771 0
1.10027 1.14916
0.6352 0.5052 0
1.1095 1.13103
0.501321 0.371321 0
1.09931 1.17389
0.535771 0.405771 0
0.883667 1.43001
0.611884 0.481884 0
0.860411 1.43104
0.411438 0.281438 0
0.909635 1.39132
0.630451 0.500451 0
0.955486 0.952421
0.616291 0.486291 0
1.0314 0.917488
0.442433 0.312433 0
1.02534 0.93582
0.676046 0.546046 0
0.802613 1.352
0.649849 0.519849 0
0.819549 1.39115
0.672335 0.542335 0
1.11926 1.26292
0.669906 0.539906 0
0.83193 1.41855
0.592059 0.462059 0
0.834269 1.38719
0.551067 0.421067 0
0.964219 0.839097
0.487246 0.357246 0
0.950502 0.81558
0.470144 0.340144 0
0.918175 0.819133
0.453969 0.323969 0
0.829558 0.908315
0.584442 0.454442 0
0.843169 0.862825
0.508707 0.378707 0
0.897122 1.3732
0.704306 0.574306 0
0.942466 1.35848
0.466079 0.336079 0
0.943059 1.34013
0.773974 0.643974 0
1.0124 0.885653
0.553984 0.423984 0
0.999368 0.844866
0.452785 0.322785 0
0.994943 0.880918
0.790429 0.660429 0
0.946841 1.0292
0.623603 0.493603 0
1.11728 1.15549
0.741038 0.611038 0
1.11167 1.19138
0.472024 0.342024 0
1.0208 1.24021
0.426649 0.296649 0
1.01326 1.2014
0.727512 0.597512 0
1.00129 0.908136
0.707932 0.577932 0
0.962141 1.29087
0.586297 0.456297 0
0.965047 0.818465
0.686581 0.556581 0
0.982755 1.31366
0.5966 0.4666 0
0.996401 1.33236
0.583013 0.453013 0
0.961717 1.3306
0.627204 0.497204 0
0.996644 1.30163
0.425562 0.295562 0
0.961297 1.30791
0.414124 0.284124 0
1.0496 0.951163
0.56834 0.43834 0
1.0697 0.985206
0.733323 0.603323 0
1.06499 0.96665
0.793664 0.663664 0
0.854317 1.41367
0.632563 0.502563 0
1.04335 0.934839
0.598859 0.468859 0
0.81513 0.898412
0.622565 0.492565 0
0.854166 1.35826
0.668551 0.538551 0
0.836768 0.880783
0.724424 0.594424 0
1.12289 1.11715
0.540031 0.410031 0
1.12292 1.1379
0.449648 0.319648 0
1.13372 1.15764
0.533256 0.403256 0
1.14911 1.11214
0.59953 0.46953 0
0.944606 0.870303
0.785998 0.655998 0
1.06792 1.11071
0.461159 0.331159 0
1.14304 1.12797
0.760643 0.630643 0
1.16619 1.15072
0.401135 0.271135 0
1.16509 1.11001
0.521232 0.391232 0
1.15166 1.15051
0.460903 0.330903 0
0.911488 1.37234
0.467629 0.337629 0
0.926603 1.33756
0.593524 0.463524 0
0.815919 1.34015
0.707907 0.577907 0
0.802378 0.920328
0.6978 0.5678 0
1.05667 0.910866
0.501407 0.371407 0
1.01603 0.857233
0.453334 0.323334 0
1.02066 0.90364
0.661434 0.531434 0
1.022 1.30352
0.789013 0.659013 0
0.902668 0.867807
0.720054 0.590054 0
0.847846 1.3217
0.477602 0.347602 0
0.927287 0.833353
0.476968 0.346968 0
0.895186 0.839841
0.690683 0.560683 0
0.800709 1.26727
0.730345 0.600345 0
0.934271 1.37981
0.420362 0.290362 0
0.816501 0.863984
0.569097 0.439097 0
0.86373 0.870927
0.728819 0.598819 0
1.00546 1.27348
0.645039 0.515039 0
1.02637 1.27555
0.470949 0.340949 0
1.01614 1.25892
0.587262 0.457262 0
0.830802 0.838772
0.702915 0.572915 0
1.06058 0.936198
0.62215 0.49215 0
0.9866 0.804806
0.485965 0.355965 0
0.972831 0.79349
0.569573 0.439573 0
0.957765 0.800297
0.674618 0.544618 0
0.939337 0.77395
0.548784 0.418784 0
0.943228 0.802884
0.78789 0.65789 0
0.936036 0.821997
0.597333 0.467333 0
0.998603 1.23485
0.654134 0.524134 0
1.13362 1.18303
0.632026 0.502026 0
1.15748 1.16886
0.642341 0.512341 0
1.18633 1.14984
0.612848 0.482848 0
0.800449 0.902914
0.596747 0.466747 0
0.980612 0.82242
0.659346 0.529346 0
0.978971 0.837194
0.726975 0.596975 0
0.984417 0.774564
0.66307 0.53307 0
1.13534 1.2749
0.722007 0.592007 0
1.1074 1.27203
0.691 0.561 0
1.0324 1.02005
0.504154 0.374154 0
1.15393 1.1951
0.431397 0.301397 0
0.807221 0.849739
0.768102 0.638102 0
0.855943 0.830594
0.54705 0.41705 0
1.09529 0.970622
0.410059 0.280059 0
1.08541 0.995442
0.720469 0.590469 0
1.02939 0.882717
0.593829 0.463829 0
1.13341 1.22064
0.451271 0.321271 0
0.911632 0.796881
0.57271 0.44271 0
0.819137 0.830116
0.547966 0.417966 0
0.844362 0.845911
0.74077 0.61077 0
0.975951 1.3305
0.594769 0.464769 0
1.02171 0.830899
0.771374 0.641374 0
1.00508 0.830359
0.518473 0.388473 0
0.904142 0.818742
0.568072 0.438072 0
1.08555 0.948767
0.781469 0.651469 0
1.00393 0.783342
0.549895 0.419895 0
0.967256 0.780596
0.533403 0.403403 0
0.952593 0.756672
0.572503 0.442503 0
0.971919 0.757439
0.718235 0.588235 0
0.98865 0.897549
0.596503 0.466503 0
1.0937 1.29012
0.50181 0.37181 0
1.07993 0.964821
0.50596 0.37596 0
1.08545 0.980692
0.511979 0.381979 0
0.850673 1.44143
0.702341 0.572341 0
1.03665 1.25899
0.514457 0.384457 0
0.997057 0.814631
0.703366 0.573366 0
0.835382 0.813175
0.736351 0.606351 0
0.81059 0.818577
0.611567 0.481567 0
1.02441 1.06341
0.743712 0.613712 0
1.0052 0.801799
0.633027 0.503027 0
0.98398 0.742577
0.430311 0.300311 0
0.960602 0.739826
0.675362 0.545362 0
1.00778 1.31742
0.731614 0.601614 0
1.04306 1.30217
0.482253 0.352253 0
1.00701 1.2918
0.791504 0.661504 0
1.08218 1.03583
0.622211 0.492211 0
1.04862 1.01891
0.728831 0.598831 0
0.896393 1.41768
0.590655 0.460655 0
0.908769 1.44709
0.526334 0.396334 0
0.923552 1.4534
0.557183 0.427183 0
0.926946 1.4058
0.746861 0.616861 0
1.11823 1.29448
0.543461 0.413461 0
0.902041 1.30887
0.61988 0.48988 0
0.979165 1.35247
0.502664 0.372664 0
0.817245 0.882427
0.785986 0.655986 0
0.828422 0.853113
0.737681 0.607681 0
0.84979 1.46077
0.487613 0.357613 0
0.872908 1.44451
0.592865 0.462865 0
0.831744 1.45323
0.70156 0.57156 0
1.07411 1.14028
0.633235 0.503235 0
1.07906 1.05347
0.47178 0.34178 0
0.817472 1.46614
0.634846 0.504846 0
0.836801 1.46881
0.77102 0.64102 0
0.815593 1.43854
0.501907 0.371907 0
0.87897 0.820024
0.644758 0.514758 0
0.86251 1.46742
0.748424 0.618424 0
0.886624 1.44961
0.624213 0.494213 0
0.880377 1.46255
0.486343 0.356343 0
1.06756 1.25873
0.481948 0.351948 0
0.843012 0.895983
0.597394 0.467394 0
1.10843 0.963157
0.799561 0.669561 0
1.10679 0.990532
0.581732 0.451732 0
1.12193 1.10185
0.566704 0.436704 0
1.1127 1.06149
0.52487 0.39487 0
0.927099 0.794285
0.588324 0.458324 0
1.10316 1.03805
0.552678 0.422678 0
1.093 1.24898
0.489822 0.359822 0
1.00145 1.35459
0.504752 0.374752 0
0.963931 1.34833
0.429884 0.299884 0
0.901855 1.46377
0.59765 0.46765 0
0.904682 1.48678
0.506009 0.376009 0
0.874673 1.4779
0.622321 0.492321 0
1.09944 1.31022
0.520133 0.390133 0
1.13678 1.31942
0.573736 0.443736 0
0.815422 1.4085
0.709922 0.579922 0
0.800991 0.87788
0.596185 0.466185 0
1.09069 1.06333
0.695724 0.565724 0
1.03699 0.853738
0.593841 0.463841 0
0.828471 0.893961
0.494205 0.364205 0
1.12872 1.08461
0.454006 0.324006 0
1.11092 0.948817
0.45652 0.32652 0
1.06383 1.02818
0.409253 0.279253 0
1.01908 0.81426
0.452113 0.322113 0
0.825839 0.796695
0.674899 0.544899 0
0.8497 0.808807
0.589019 0.459019 0
0.838233 0.785784
0.789721 0.659721 0
0.812626 0.79192
0.687094 0.557094 0
1.07693 0.890561
0.710373 0.580373 0
1.14146 1.25629
0.452748 0.322748 0
1.15165 1.22161
0.713742 0.583742 0
0.86407 0.764593
0.491946 0.361946 0
0.844777 0.772581
0.597064 0.467064 0
0.861222 0.795446
0.79281 0.66281 0
0.978308 1.29951
0.78153 0.65153 0
1.02171 1.31974
0.560027 0.430027 0
0.828988 1.43436
0.573089 0.443089 0
0.926414 1.47692
0.540312 0.410312 0
0.890191 0.804292
0.663045 0.533045 0
0.801842 0.862852
0.690951 0.560951 0
0.893397 1.50388
0.61092 0.48092 0
0.911185 1.49999
0.663985 0.533985 0
1.08996 1.00993
0.593841 0.463841 0
1.10967 1.01486
0.553301 0.423301 0
1.1429 1.09831
0.779174 0.649174 0
1.1722 1.12681
0.734727 0.604727 0
1.18823 1.11749
0.730906 0.600906 0
1.19019 1.09797
0.466945 0.336945 0
1.20443 1.13335
0.745775 0.615775 0
1.21382 1.11026
0.466152 0.336152 0
1.05634 0.84976
0.781213 0.651213 0
1.04347 0.876976
0.567364 0.437364 0
0.949273 1.45357
0.535014 0.405014 0
1.13746 1.14335
0.693356 0.563356 0
1.22902 1.11371
0.515506 0.385506 0
1.22642 1.1362
0.514396 0.384396 0
0.925832 0.758107
0.451112 0.321112 0
0.920779 0.772784
0.452406 0.322406 0
1.08179 0.931932
0.779662 0.649662 0
1.07045 0.950757
0.508206 0.378206 0
1.09005 0.91647
0.68049 0.55049 0
1.10222 0.925547
0.623225 0.493225 0
1.01126 1.33167
0.416126 0.286126 0
1.13597 0.946914
0.574651 0.444651 0
1.12 0.931286
0.485659 0.355659 0
1.25256 1.09382
0.798157 0.668157 0
1.21705 1.09231
0.708261 0.578261 0
1.2474 1.12991
0.482669 0.352669 0
0.96162 1.37011
0.702927 0.572927 0
0.987345 1.37347
0.63885 0.50885 0
0.887053 0.867088
0.759557 0.629557 0
1.07837 0.868873
0.456301 0.326301 0
1.05363 0.825054
0.656429 0.526429 0
1.07402 0.828116
0.783947 0.653947 0
0.980335 1.38862
0.62071 0.49071 0
1.01101 1.39791
0.643684 0.513684 0
1.11904 1.31719
0.401245 0.271245 0
1.13424 1.29192
0.57 0.44 0
1.05915 0.868621
0.776769 0.646769 0
1.03585 0.829644
0.705527 0.575527 0
1.21042 1.14754
0.60777 0.47777 0
1.24335 1.1566
0.428224 0.298224 0
1.09596 0.872604
0.406897 0.276897 0
1.09967 0.842117
0.68569 0.55569 0
1.08132 0.854897
0.600043 0.470043 0
1.06165 0.88852
0.619538 0.489538 0
0.842101 0.826164
0.62945 0.49945 0
1.14014 0.914394
0.52631 0.39631 0
1.101 0.905156
0.460475 0.330475 0
1.12402 0.910621
0.570269 0.440269 0
1.23835 1.08943
0.744469 0.614469 0
1.06729 1.30524
0.589862 0.459862 0
1.05648 1.31771
0.513541 0.383541 0
1.05142 1.28817
0.471267 0.341267 0
1.07639 0.90887
0.486563 0.356563 0
1.18479 1.1677
0.550847 0.420847 0
1.2105 1.16542
0.500784 0.370784 0
1.16716 1.18569
0.602826 0.472826 0
1.18232 1.19333
0.700327 0.570327 0
1.16881 1.08437
0.619465 0.489465 0
1.20041 1.08035
0.559783 0.429783 0
1.14211 1.07316
0.447694 0.317694 0
0.858397 1.49869
0.650899 0.520899 0
1.1209 0.979806
0.459816 0.329816 0
1.08442 0.83765
0.719517 0.589517 0
0.884709 1.52502
0.655098 0.525098 0
0.885368 1.49094
0.782275 0.652275 0
0.878904 1.5069
0.565154 0.435154 0
0.903243 1.51623
0.624604 0.494604 0
1.01974 0.784044
0.717856 0.587856 0
1.10923 1.25118
0.735667 0.605667 0
1.04389 0.901182
0.652681 0.522681 0
1.10095 0.810974
0.601044 0.471044 0
1.08643 0.820601
0.625422 0.495422 0
1.05201 0.805478
0.640559 0.510559 0
1.07747 0.807487
0.640303 0.510303 0
0.933625 1.43144
0.575726 0.445726 0
1.07465 1.27126
0.555119 0.425119 0
1.05966 1.27152
0.691 0.561 0
1.09296 0.794982
0.768029 0.638029 0
1.10045 0.827601
0.762462 0.632462 0
1.12514 1.33346
0.464174 0.334174 0
1.07597 1.28534
0.619404 0.489404 0
1.07729 1.32997
0.42627 0.29627 0
1.13628 1.03749
0.626838 0.496838 0
1.11523 1.046
0.445045 0.315045 0
1.02627 1.33527
0.480605 0.350605 0
1.04666 0.791706
0.653853 0.523853 0
0.823749 0.782398
0.442543 0.312543 0
0.872199 0.784479
0.506522 0.376522 0
0.835813 1.52194
0.758605 0.628605 0
0.847521 1.50856
0.667806 0.537806 0
0.853275 1.47902
0.751598 0.621598 0
0.868701 1.5201
0.643135 0.513135 0
0.901948 0.769729
0.408264 0.278264 0
0.913444 0.75062
0.587909 0.457909 0
0.89713 0.750123
0.440883 0.310883 0
1.02885 0.769932
0.655281 0.525281 0
1.02273 0.798796
0.445021 0.315021 0
1.04821 0.774266
0.71821 0.58821 0
1.05527 1.24448
0.747777 0.617777 0
0.801196 1.46514
0.582696 0.452696 0
0.805126 1.47912
0.494388 0.364388 0
0.822118 1.48938
0.747984 0.617984 0
1.18713 1.06651
0.706931 0.576931 0
1.07197 0.769581
0.413672 0.283672 0
1.0066 0.764222
0.714304 0.584304 0
1.13156 0.961973
0.434816 0.304816 0
1.03833 1.32766
0.55125 0.42125 0
1.04069 1.34345
0.732615 0.602615 0
1.2415 1.10318
0.502615 0.372615 0
1.01659 1.35973
0.732224 0.602224 0
1.1564 0.925149
0.579034 0.449034 0
1.16043 0.971028
0.568218 0.438218 0
1.14759 0.964454
0.402222 0.272222 0
1.13434 0.989009
0.524198 0.394198 0
0.827745 0.756918
0.400122 0.270122 0
1.11793 0.770413
0.505179 0.375179 0
1.10619 0.779043
0.616352 0.486352 0
1.10249 1.32864
0.729466 0.599466 0
1.08328 1.31489
0.473525 0.343525 0
0.895136 1.5367
0.521451 0.391451 0
0.883727 1.55074
0.546452 0.416452 0
0.838594 1.4907
0.537516 0.407516 0
1.22618 1.15038
0.448744 0.318744 0
1.06596 0.792982
0.613935 0.483935 0
0.88903 0.787899
0.765368 0.635368 0
1.04415 0.75648
0.739512 0.609512 0
0.941947 1.41923
0.623774 0.493774 0
0.948 1.38968
0.474819 0.344819 0
0.913439 1.4162
0.637983 0.507983 0
0.802691 1.50129
0.515812 0.385812 0
0.824516 1.50334
0.631782 0.501782 0
1.26456 1.13675
0.681417 0.551417 0
1.26169 1.11583
0.602277 0.472277 0
1.27412 1.15496
0.643464 0.513464 0
1.05236 1.33567
0.469277 0.339277 0
1.05329 1.35389
0.461452 0.331452 0
1.07293 1.34522
0.722752 0.592752 0
0.881858 0.755654
0.685348 0.555348 0
0.939821 0.721308
0.778271 0.648271 0
0.980041 0.71664
0.497024 0.367024 0
1.16287 1.20886
0.529228 0.399228 0
1.1002 1.35303
0.724082 0.594082 0
1.17117 1.16418
0.694675 0.564675 0
0.999817 1.409
0.628974 0.498974 0
1.03027 1.38491
0.553191 0.423191 0
1.02115 1.41626
0.402869 0.272869 0
1.02217 1.37317
0.575726 0.445726 0
1.03645 1.42245
0.524821 0.394821 0
1.12423 0.853089
0.574346 0.444346 0
1.11856 0.832819
0.635969 0.505969 0
1.12833 1.05749
0.718833 0.588833 0
1.09867 0.891145
0.772326 0.642326 0
1.26039 1.1736
0.589776 0.459776 0
1.29584 1.13127
0.751012 0.621012 0
1.25731 1.15257
0.584161 0.454161 0
1.14271 1.30665
0.461342 0.331342 0
1.14991 1.27239
0.718357 0.588357 0
1.11548 0.881714
0.426026 0.296026 0
1.16328 0.948252
0.4339 0.3039 0
1.16515 0.986825
0.716575 0.586575 0
0.964704 1.38797
0.452638 0.322638 0
0.965526 1.4047
0.783483 0.653483 0
0.94192 1.40448
0.700168 0.570168 0
0.936261 0.74869
0.643403 0.513403 0
0.802251 1.39117
0.671139 0.541139 0
0.889526 0.732387
0.403687 0.273687 0
0.906076 0.735123
0.59444 0.46444 0
1.03052 0.740859
0.749718 0.619718 0
1.07014 0.922796
0.423048 0.293048 0
1.16206 1.28631
0.620502 0.490502 0
1.14909 1.32989
0.470937 0.340937 0
1.17616 1.05356
0.705893 0.575893 0
1.19112 1.04453
0.698276 0.568276 0
1.12132 1.00541
0.661263 0.531263 0
0.920713 1.53333
0.656343 0.526343 0
1.06952 1.36067
0.505533 0.375533 0
1.09317 1.34029
0.795044 0.665044 0
1.1134 1.3676
0.594024 0.464024 0
0.86452 0.810136
0.458412 0.328412 0
0.813584 0.760674
0.689633 0.559633 0
0.9646 1.43639
0.697653 0.567653 0
0.943466 1.47141
0.644185 0.514185 0
0.900104 1.55377
0.466042 0.336042 0
1.12247 1.02098
0.696335 0.566335 0
1.15237 1.02715
0.676962 0.546962 0
0.962227 1.42101
0.443104 0.313104 0
0.928194 1.52016
0.653255 0.523255 0
1.11503 0.814944
0.599152 0.469152 0
1.11517 1.38582
0.72595 0.59595 0
1.12913 1.3765
0.771422 0.641422 0
1.099 1.38449
0.599493 0.469493 0
1.04332 1.37803
0.495828 0.365828 0
1.07573 1.37825
0.643001 0.513001 0
1.2203 1.18623
0.559172 0.429172 0
0.885076 0.7714
0.738963 0.608963 0
0.814977 1.52035
0.410547 0.280547 0
0.830177 0.734156
0.575286 0.445286 0
1.23199 1.16872
0.505716 0.375716 0
1.06462 0.813867
0.55125 0.42125 0
0.840991 1.5388
0.571905 0.441905 0
1.0304 1.35702
0.434816 0.304816 0
1.14223 1.05477
0.481387 0.351387 0
1.1615 1.05946
0.605927 0.475927 0
1.16417 1.03952
0.529215 0.399215 0
0.84135 0.743617
0.799719 0.669719 0
0.805541 0.772544
0.47394 0.34394 0
0.958929 1.48691
0.773534 0.643534 0
0.944754 1.48609
0.569463 0.439463 0
0.957615 1.46534
0.513041 0.383041 0
0.970052 1.4737
0.641902 0.511902 0
1.13194 0.806426
0.715464 0.585464 0
1.10729 0.753895
0.697726 0.567726 0
1.11221 0.799608
0.791845 0.661845 0
1.09216 0.764605
0.637397 0.507397 0
1.12562 0.791474
0.565288 0.435288 0
1.15703 1.24971
0.643208 0.513208 0
1.1512 0.806031
0.658858 0.528858 0
1.1417 0.783997
0.561187 0.431187 0
1.14236 0.817465
0.713926 0.583926 0
0.950127 1.43539
0.55363 0.42363 0
1.16262 0.831932
0.709336 0.579336 0
0.987064 1.44716
0.512076 0.382076 0
1.05998 1.38343
0.611274 0.481274 0
1.04305 1.39208
0.640461 0.510461 0
0.910722 0.714672
0.425562 0.295562 0
0.896246 0.715862
0.693405 0.563405 0
0.801149 0.745776
0.696713 0.566713 0
1.17451 0.901802
0.637263 0.507263 0
1.13883 0.933002
0.451527 0.321527 0
1.23587 1.18776
0.639082 0.509082 0
1.14178 0.845214
0.571062 0.441062 0
1.18363 0.84546
0.534001 0.404001 0
1.18436 0.810174
0.640193 0.510193 0
0.884497 0.690997
0.721641 0.591641 0
0.870592 0.72856
0.722385 0.592385 0
0.918108 0.691502
0.649532 0.519532 0
0.94338 1.5443
0.485977 0.355977 0
1.19648 1.17689
0.504813 0.374813 0
0.92367 0.737125
0.518192 0.388192 0
0.941857 0.735696
0.504862 0.374862 0
1.21801 1.07774
0.754942 0.624942 0
0.858454 0.744402
0.703232 0.573232 0
1.17699 1.01828
0.576666 0.446666 0
1.00946 1.42666
0.559771 0.429771 0
1.05936 1.40025
0.524979 0.394979 0
1.05511 1.44764
0.511417 0.381417 0
1.03271 1.44365
0.629145 0.499145 0
1.13551 0.865627
0.67513 0.54513 0
1.11034 0.867914
0.448842 0.318842 0
1.13704 1.35526
0.66512 0.53512 0
1.15403 1.38608
0.586578 0.456578 0
1.00485 1.37184
0.563543 0.433543 0
1.13795 0.765143
0.452199 0.322199 0
1.15644 0.780113
0.79696 0.66696 0
1.14637 1.36953
0.722446 0.592446 0
1.15192 1.34889
0.490762 0.360762 0
1.11912 1.35284
0.679354 0.549354 0
1.13286 1.39098
0.649153 0.519153 0
1.09567 1.3675
0.684445 0.554445 0
1.11843 0.737971
0.690426 0.560426 0
1.06884 0.738385
0.699203 0.569203 0
1.19468 1.015
0.505826 0.375826 0
1.01027 1.44485
0.447731 0.317731 0
1.03232 1.40635
0.554436 0.424436 0
1.08616 1.35302
0.583782 0.453782 0
0.996482 1.38833
0.407337 0.277337 0
1.14946 0.869483
0.521964 0.391964 0
0.957071 1.53031
0.461843 0.331843 0
0.916699 1.54958
0.471999 0.341999 0
0.953532 1.56255
0.709055 0.579055 0
0.958491 1.5467
0.524808 0.394808 0
0.92626 1.57084
0.508292 0.378292 0
1.09165 1.39671
0.630988 0.500988 0
0.932434 1.50085
0.747252 0.617252 0
1.00765 1.24619
0.634321 0.504321 0
1.20101 0.993436
0.598895 0.468895 0
1.19847 1.02871
0.627644 0.497644 0
0.987847 1.42054
0.574541 0.444541 0
1.04741 0.718342
0.63271 0.50271 0
1.08005 0.714091
0.566814 0.436814 0
1.06481 0.716936
0.422828 0.292828 0
1.06044 0.753787
0.527262 0.397262 0
1.01694 1.0114
0.654146 0.524146 0
0.947089 1.51774
0.780151 0.650151 0
1.09878 0.857365
0.400745 0.270745 0
1.17829 0.962514
0.787475 0.657475 0
1.14934 0.988172
0.748753 0.618753 0
1.21808 1.06234
0.699606 0.569606 0
1.2477 1.20402
0.74586 0.61586 0
0.867526 1.55821
0.501895 0.371895 0
0.905753 1.57287
0.575701 0.445701 0
0.956752 0.713785
0.649434 0.519434 0
1.00396 0.746604
0.780114 0.650114 0
1.00323 0.724699
0.620527 0.490527 0
1.17349 1.22539
0.737608 0.607608 0
1.187 1.20714
0.66418 0.53418 0
1.17335 1.34142
0.67275 0.54275 0
1.16861 1.30369
0.417127 0.287127 0
1.13283 0.833155
0.668856 0.538856 0
1.18581 1.29425
0.473684 0.343684 0
1.18549 1.33011
0.535234 0.405234 0
1.1617 1.32235
0.654317 0.524317 0
1.18985 1.25973
0.590362 0.460362 0
1.17332 0.768431
0.488858 0.358858 0
1.17078 0.782952
0.513932 0.383932 0
1.1701 0.797659
0.555718 0.425718 0
1.14459 0.887151
0.443178 0.313178 0
1.13114 0.894688
0.650764 0.520764 0
0.990138 0.788247
0.492874 0.362874 0
1.02341 0.754288
0.747581 0.617581 0
0.933277 0.696985
0.51359 0.38359 0
0.909006 0.676029
0.605475 0.475475 0
0.928045 0.711956
0.619184 0.489184 0
1.11322 1.40814
0.532475 0.402475 0
1.14663 1.4081
0.66202 0.53202 0
0.980841 1.40679
0.467226 0.337226 0
1.12324 0.713463
0.463649 0.333649 0
1.13505 0.725969
0.457533 0.327533 0
1.10776 0.722608
0.46841 0.33841 0
1.09535 0.713225
0.432276 0.302276 0
0.968514 1.51996
0.429078 0.299078 0
1.31416 1.126
0.539628 0.409628 0
1.30122 1.10915
0.406507 0.276507 0
1.28502 1.10768
0.50618 0.37618 0
1.31999 1.11124
0.418567 0.288567 0
1.19367 1.30685
0.710227 0.580227 0
1.20709 1.28308
0.75952 0.62952 0
1.18969 1.27888
0.606696 0.476696 0
1.207 1.19573
0.57669 0.44669 0
1.15424 0.758952
0.642109 0.512109 0
1.18631 0.918729
0.789697 0.659697 0
1.16932 0.885924
0.705075 0.575075 0
0.978191 1.508
0.715622 0.585622 0
1.16939 0.73752
0.720798 0.590798 0
1.13507 0.745254
0.474306 0.344306 0
1.21521 1.21118
0.468117 0.338117 0
1.12913 1.41575
0.439051 0.309051 0
1.1453 1.43481
0.522855 0.392855 0
1.15835 1.40021
0.52056 0.39056 0
1.16172 1.42832
0.463503 0.333503 0
1.06634 1.41909
0.576263 0.446263 0
1.13375 0.703683
0.563811 0.433811 0
0.961607 0.699018
0.57188 0.44188 0
1.13859 1.00543
0.790832 0.660832 0
1.31769 1.15351
0.738768 0.608768 0
1.09527 1.41533
0.478127 0.348127 0
1.05485 1.46681
0.518107 0.388107 0
1.05629 1.43003
0.40105 0.27105 0
1.0371 1.46544
0.412122 0.282122 0
0.957981 1.5036
0.593585 0.463585 0
1.20634 0.930059
0.422132 0.292132 0
1.21315 0.906403
0.566655 0.436655 0
0.988686 0.757406
0.795532 0.665532 0
1.28268 1.16617
0.462856 0.332856 0
1.15806 0.851984
0.775414 0.645414 0
0.986338 1.47498
0.565069 0.435069 0
0.975123 1.5525
0.401404 0.271404 0
1.17083 0.919139
0.514457 0.384457 0
1.15247 0.901477
0.59483 0.46483 0
1.02396 1.43252
0.637922 0.507922 0
1.02382 1.45989
0.427747 0.297747 0
1.00235 1.48179
0.7859 0.6559 0
1.19525 0.780375
0.673653 0.543653 0
1.15098 0.743565
0.688522 0.558522 0
0.850058 0.756103
0.51558 0.38558 0
1.04999 0.742104
0.501163 0.371163 0
1.23056 1.20236
0.69863 0.56863 0
0.94607 0.684616
0.580181 0.450181 0
0.902515 0.695986
0.50408 0.37408 0
1.07236 1.44767
0.455397 0.325397 0
1.06239 1.48067
0.746239 0.616239 0
1.07744 1.49394
0.497757 0.367757 0
1.23883 1.07242
0.795886 0.665886 0
1.18956 0.880761
0.769066 0.639066 0
0.85809 0.721907
0.670174 0.540174 0
1.18878 0.936132
0.435047 0.305047 0
1.16123 1.00231
0.544963 0.414963 0
1.1367 1.02261
0.774084 0.644084 0
1.20218 1.05647
0.692843 0.562843 0
1.17831 1.03685
0.470376 0.340376 0
1.18391 1.40211
0.679843 0.549843 0
1.16833 1.44846
0.794556 0.664556 0
1.14569 1.45225
0.713169 0.583169 0
0.886451 1.5752
0.493045 0.363045 0
0.95012 0.669405
0.574212 0.444212 0
0.962676 0.681128
0.584539 0.454539 0
0.930915 0.671331
0.443422 0.313422 0
0.823419 1.53294
0.643001 0.513001 0
0.940872 0.65744
0.577935 0.447935 0
0.858971 1.53561
0.585296 0.455296 0
1.06691 0.697769
0.687387 0.557387 0
1.08673 0.731141
0.726341 0.596341 0
1.28828 1.15013
0.420557 0.290557 0
1.18447 1.00283
0.764611 0.634611 0
1.0899 0.749465
0.672372 0.542372 0
1.02723 0.721118
0.669063 0.539063 0
1.17663 0.724403
0.500089 0.370089 0
1.15896 0.728114
0.400586 0.270586 0
1.17503 0.710123
0.547795 0.417795 0
1.19274 0.719859
0.671615 0.541615 0
1.15692 0.700631
0.469277 0.339277 0
0.972396 1.4925
0.772607 0.642607 0
0.926994 0.648291
0.762499 0.632499 0
0.892616 0.667003
0.726695 0.596695 0
0.886826 0.64936
0.532267 0.402267 0
1.21542 1.3054
0.521622 0.391622 0
1.18555 1.37718
0.633576 0.503576 0
1.17158 1.41361
0.562883 0.432883 0
1.18025 0.828854
0.663668 0.533668 0
1.00586 1.49922
0.442689 0.312689 0
1.02519 1.50429
0.619111 0.489111 0
0.814181 0.736658
0.476492 0.346492 0
1.0774 0.78439
0.762999 0.632999 0
1.18085 0.860368
0.671859 0.541859 0
1.17743 0.977533
0.607208 0.477208 0
1.12809 1.44242
0.514274 0.384274 0
1.15549 1.464
0.556621 0.426621 0
1.12262 1.47436
0.630183 0.500183 0
1.11874 1.42749
0.734117 0.604117 0
1.07497 0.751343
0.469338 0.339338 0
0.955064 0.643329
0.659957 0.529957 0
0.919835 0.636099
0.687289 0.557289 0
1.11181 0.703119
0.643526 0.513526 0
1.17683 1.42751
0.552873 0.422873 0
1.18451 1.43997
0.412244 0.282244 0
1.03765 0.68924
0.706845 0.576845 0
1.04706 0.70177
0.50004 0.37004 0
0.978799 0.681786
0.404187 0.274187 0
1.1962 0.756271
0.696567 0.566567 0
1.17196 1.24371
0.436744 0.306744 0
1.02225 0.870547
0.468777 0.338777 0
1.2085 0.868903
0.701498 0.571498 0
1.09172 0.780619
0.557402 0.427402 0
1.05519 1.50091
0.506192 0.376192 0
1.07664 1.46751
0.77412 0.64412 0
1.03676 1.49369
0.635932 0.505932 0
1.20908 1.37874
0.628498 0.498498 0
1.20455 1.40195
0.592291 0.462291 0
1.19942 1.41771
0.649678 0.519678 0
1.167 0.815974
0.711509 0.581509 0
1.19864 0.832483
0.583233 0.453233 0
1.20978 0.809673
0.718833 0.588833 0
1.21213 0.79457
0.692331 0.562331 0
1.21746 1.01542
0.533158 0.403158 0
1.21277 1.0389
0.420264 0.290264 0
1.19424 0.895107
0.649434 0.519434 0
1.08841 0.693929
0.532499 0.402499 0
1.25398 1.05729
0.645698 0.515698 0
1.15866 1.36241
0.796777 0.666777 0
1.19301 1.35836
0.537773 0.407773 0
0.995641 0.665944
0.733494 0.603494 0
1.00367 0.705195
0.486001 0.356001 0
0.936825 0.621687
0.621796 0.491796 0
0.893343 0.611272
0.597467 0.467467 0
0.911945 0.611306
0.432105 0.302105 0
1.21295 0.953356
0.71102 0.58102 0
1.17051 0.935854
0.722446 0.592446 0
1.19512 0.951975
0.553728 0.423728 0
0.982321 1.52616
0.43329 0.30329 0
1.01967 1.47696
0.763952 0.633952 0
0.991242 1.49724
0.594952 0.464952 0
1.02396 1.51978
0.639827 0.509827 0
1.22904 0.960925
0.471047 0.341047 0
1.21706 0.971282
0.741417 0.611417 0
1.19745 0.969297
0.653706 0.523706 0
1.20067 1.21232
0.500406 0.370406 0
1.20671 1.23041
0.748387 0.618387 0
1.22755 0.787751
0.423621 0.293621 0
1.21063 0.774582
0.590155 0.460155 0
1.23125 0.769133
0.564373 0.434373 0
1.22361 0.990073
0.468569 0.338569 0
0.998995 1.51444
0.530644 0.400644 0
1.23017 0.933803
0.654573 0.524573 0
1.19566 0.695229
0.649861 0.519861 0
1.19408 1.23936
0.670406 0.540406 0
1.16699 1.26746
0.666646 0.536646 0
1.27796 1.13187
0.472878 0.342878 0
1.28603 1.0932
0.763683 0.633683 0
1.3193 1.09482
0.479751 0.349751 0
1.06439 0.68202
0.615131 0.485131 0
1.23499 1.04849
0.611151 0.481151 0
1.22291 1.23337
0.457802 0.327802 0
0.878256 0.611995
0.490091 0.360091 0
0.885414 0.590871
0.647395 0.517395 0
0.912636 0.592486
0.700278 0.570278 0
0.878441 0.63808
0.505387 0.375387 0
1.23824 0.921325
0.784484 0.654484 0
1.04526 1.51688
0.706699 0.576699 0
1.06613 1.50967
0.533256 0.403256 0
1.07334 1.52446
0.458864 0.328864 0
1.18106 0.751505
0.511307 0.381307 0
1.04515 1.48059
0.530851 0.400851 0
0.846686 0.705862
0.747703 0.617703 0
0.879755 0.704869
0.652498 0.522498 0
1.07133 1.39253
0.526579 0.396579 0
0.868298 0.652808
0.575433 0.445433 0
0.901945 0.65116
0.705942 0.575942 0
1.23248 1.01918
0.611982 0.481982 0
1.22722 1.03364
0.415076 0.285076 0
0.874882 0.675605
0.600421 0.470421 0
0.905559 0.578497
0.585284 0.455284 0
0.867046 0.589954
0.433656 0.303656 0
0.864284 0.610705
0.602875 0.472875 0
1.23793 0.979131
0.582501 0.452501 0
1.12062 1.45559
0.491031 0.361031 0
1.17159 1.46657
0.695651 0.565651 0
1.16978 1.48327
0.473757 0.343757 0
0.871735 1.54342
0.415711 0.285711 0
0.846078 0.670864
0.404492 0.274492 0
0.851713 0.630869
0.663558 0.533558 0
0.919307 0.660543
0.402185 0.272185 0
1.30175 1.09459
0.662911 0.532911 0
1.2232 0.870501
0.57879 0.44879 0
1.22852 0.856296
0.753258 0.623258 0
1.20845 1.26164
0.614972 0.484972 0
1.33777 1.13073
0.420374 0.290374 0
1.10474 1.4456
0.594708 0.464708 0
1.09221 1.43192
0.613117 0.483117 0
1.17504 0.683788
0.794482 0.664482 0
1.33342 1.08808
0.558391 0.428391 0
1.29889 1.06901
0.68934 0.55934 0
1.21426 0.887615
0.788391 0.658391 0
1.12793 1.49413
0.535734 0.405734 0
1.09646 1.50062
0.799927 0.669927 0
1.14391 1.48801
0.76975 0.63975 0
0.819082 0.721347
0.529923 0.399923 0
0.843119 0.728367
0.569854 0.439854 0
1.25813 1.03961
0.500174 0.370174 0
0.848953 0.691207
0.724351 0.594351 0
0.83598 0.659513
0.510172 0.380172 0
0.831247 0.697137
0.466506 0.336506 0
0.864805 0.690827
0.789465 0.659465 0
0.827876 0.677517
0.644478 0.514478 0
0.996932 1.45971
0.608466 0.478466 0
0.974455 1.45643
0.727671 0.597671 0
0.806151 0.711464
0.741783 0.611783 0
0.838613 0.595447
0.568511 0.438511 0
1.08598 1.45159
0.72855 0.59855 0
1.0963 1.47032
0.585296 0.455296 0
1.35687 1.12625
0.431642 0.301642 0
1.33642 1.11509
0.761327 0.631327 0
1.33703 1.15263
0.410462 0.280462 0
1.16736 1.37977
0.615534 0.485534 0
0.938627 0.63651
0.741868 0.611868 0
0.904105 0.629359
0.541166 0.411166 0
1.19512 0.794998
0.799609 0.669609 0
1.0476 0.671358
0.681649 0.551649 0
1.08131 0.678067
0.784387 0.654387 0
1.22634 1.26754
0.666915 0.536915 0
1.21832 1.25055
0.735203 0.605203 0
0.944645 1.57556
0.718467 0.588467 0
1.35021 1.14195
0.797058 0.667058 0
0.997738 1.56253
0.497806 0.367806 0
0.977576 1.56807
0.520878 0.390878 0
0.993944 1.53694
0.47073 0.34073 0
1.10545 1.51179
0.578655 0.448655 0
1.31129 1.0545
0.53853 0.40853 0
1.28805 1.04729
0.739805 0.609805 0
1.27868 1.06727
0.49783 0.36783 0
1.24934 0.947316
0.524686 0.394686 0
1.25312 0.923841
0.781701 0.651701 0
0.994766 1.43473
0.476687 0.346687 0
1.22324 0.822538
0.557439 0.427439 0
1.21141 0.839596
0.526395 0.396395 0
0.928873 0.590964
0.660775 0.530775 0
0.978936 0.665132
0.709592 0.579592 0
0.985408 0.700002
0.480544 0.350544 0
1.15121 0.716439
0.595685 0.465685 0
1.14907 0.685744
0.625385 0.495385 0
1.1399 1.50304
0.433424 0.303424 0
1.1573 1.4954
0.450429 0.320429 0
1.23486 1.25222
0.478201 0.348201 0
1.2122 0.753701
0.752049 0.622049 0
1.19372 0.740762
0.478335 0.348335 0
1.18782 1.46191
0.598016 0.468016 0
1.19536 1.48511
0.517325 0.387325 0
0.811686 1.54062
0.402295 0.272295 0
0.841974 1.55544
0.584857 0.454857 0
1.10251 0.737759
0.426148 0.296148 0
0.962534 0.628637
0.631281 0.501281 0
1.01979 0.682679
0.741197 0.611197 0
0.822328 0.610414
0.698679 0.568679 0
0.821598 0.590338
0.77528 0.64528 0
1.29864 1.0315
0.466128 0.336128 0
1.22083 1.42604
0.5283 0.3983 0
1.04794 1.53659
0.447475 0.317475 0
1.01209 1.53405
0.442958 0.312958 0
1.03021 1.53322
0.787109 0.657109 0
1.17043 0.66205
0.593988 0.463988 0
1.19372 0.665844
0.562285 0.432285 0
1.01141 1.55281
0.57 0.44 0
1.00102 0.681614
0.770568 0.640568 0
1.0335 0.674337
0.613239 0.483239 0
1.20629 1.46111
0.605805 0.475805 0
0.808825 0.687659
0.505167 0.375167 0
0.962672 0.658703
0.459352 0.329352 0
1.10655 0.66054
0.789746 0.659746 0
0.976248 0.61802
0.770324 0.640324 0
0.983093 0.637423
0.661629 0.531629 0
1.22437 1.47923
0.643916 0.513916 0
1.2249 1.45629
0.462526 0.332526 0
1.02826 0.701462
0.507645 0.377645 0
1.03954 0.651562
0.477065 0.347065 0
1.02535 0.656928
0.631672 0.501672 0
1.2258 1.36209
0.647859 0.517859 0
1.20964 1.36085
0.553618 0.423618 0
1.19552 1.38995
0.59035 0.46035 0
1.00924 0.653698
0.567144 0.437144 0
1.3286 1.07423
0.52869 0.39869 0
1.30423 1.14378
0.709507 0.579507 0
0.817499 0.640666
0.547038 0.417038 0
0.816582 0.66483
0.765465 0.635465 0
0.834716 0.621226
0.504373 0.374373 0
0.868743 0.627035
0.743114 0.613114 0
1.24624 1.17786
0.746263 0.616263 0
0.931378 1.55246
0.721592 0.591592 0
1.22814 1.41034
0.612946 0.482946 0
1.22236 1.38412
0.771801 0.641801 0
1.20912 0.733129
0.7416 0.6116 0
1.1381 1.47091
0.657772 0.527772 0
1.23014 0.891775
0.538566 0.408566 0
1.23858 0.904259
0.490066 0.360066 0
1.35543 1.09902
0.608319 0.478319 0
1.2183 0.682214
0.671883 0.541883 0
1.19899 0.679222
0.416724 0.286724 0
1.21351 0.701444
0.404224 0.274224 0
0.833559 0.63669
0.689474 0.559474 0
0.851269 0.6025
0.748997 0.618997 0
1.01224 0.632529
0.649471 0.519471 0
0.992108 0.616671
0.436451 0.306451 0
1.10889 1.4884
0.433473 0.303473 0
1.08955 0.665493
0.698703 0.568703 0
1.05842 0.655325
0.743333 0.613333 0
1.03785 1.57376
0.66108 0.53108 0
1.08368 1.5124
0.435609 0.305609 0
1.23089 0.802562
0.480789 0.350789 0
1.28477 1.19781
0.582452 0.452452 0
1.23301 1.50511
0.735203 0.605203 0
1.24512 1.45985
0.795776 0.665776 0
1.24677 1.4946
0.781628 0.651628 0
1.10938 0.680524
0.549345 0.419345 0
1.13234 0.681276
0.786523 0.656523 0
1.24531 0.841247
0.705332 0.575332 0
1.24238 0.860027
0.703842 0.573842 0
1.24755 0.881425
0.705783 0.575783 0
1.22257 1.28296
0.720542 0.590542 0
1.33341 1.17634
0.775268 0.645268 0
1.35676 1.17162
0.431874 0.301874 0
1.31362 1.17335
0.646358 0.516358 0
1.26571 1.20216
0.709934 0.579934 0
1.26937 1.18646
0.618293 0.488293 0
1.22635 1.44176
0.535673 0.405673 0
0.852799 0.652377
0.637214 0.507214 0
0.804689 0.654592
0.628327 0.498327 0
1.24422 0.6594
0.797266 0.667266 0
1.22774 0.666998
0.575225 0.445225 0
1.23357 0.681263
0.452419 0.322419 0
1.23773 1.00449
0.791211 0.661211 0
1.22256 0.64737
0.452626 0.322626 0
1.24181 1.27623
0.668453 0.538453 0
1.12512 1.51998
0.520499 0.390499 0
1.2351 1.21622
0.566314 0.436314 0
1.23204 1.3477
0.521232 0.391232 0
1.19802 1.33962
0.684738 0.554738 0
1.05646 1.55708
0.593646 0.463646 0
1.19917 0.848187
0.416065 0.286065 0
1.30044 1.1818
0.65898 0.52898 0
1.25376 1.01692
0.726853 0.596853 0
1.25588 0.983426
0.552007 0.422007 0
1.22664 0.722717
0.734544 0.604544 0
1.0684 1.54196
0.579974 0.449974 0
1.08247 1.53544
0.76361 0.63361 0
1.0656 1.5747
0.555766 0.425766 0
1.2379 1.23781
0.641401 0.511401 0
1.02718 0.636953
0.724558 0.594558 0
1.26306 0.678347
0.675802 0.545802 0
1.24956 0.684494
0.757225 0.627225 0
1.27461 1.22983
0.495523 0.365523 0
1.25083 1.22168
0.568645 0.438645 0
1.26667 1.2484
0.57796 0.44796 0
1.05585 0.637138
0.585687 0.455687 0
1.29092 1.23846
0.490506 0.360506 0
1.29226 1.22418
0.687191 0.557191 0
1.27082 1.2721
0.678329 0.548329 0
1.28766 1.26874
0.617365 0.487365 0
1.25847 1.23465
0.694723 0.564723 0
0.940259 1.5304
0.483792 0.353792 0
1.30916 1.07955
0.539689 0.409689 0
1.19908 1.43914
0.643062 0.513062 0
1.23284 0.699041
0.498477 0.368477 0
1.32648 1.05995
0.499429 0.369429 0
1.25187 1.4407
0.603388 0.473388 0
1.24965 1.42592
0.545927 0.415927 0
0.801836 0.727715
0.430689 0.300689 0
1.27285 1.4826
0.412452 0.282452 0
1.26339 1.46133
0.639241 0.509241 0
1.08427 1.5632
0.401868 0.271868 0
1.25205 1.24948
0.707505 0.577505 0
1.26042 0.854774
0.442579 0.312579 0
1.26534 0.840224
0.78363 0.65363 0
1.257 1.50822
0.415223 0.285223 0
1.22295 1.52031
0.675533 0.545533 0
1.24535 1.47529
0.471206 0.341206 0
1.22735 1.33397
0.628437 0.498437 0
1.24853 1.33438
0.70195 0.57195 0
1.25122 1.36303
0.712131 0.582131 0
1.35276 1.0796
0.590753 0.460753 0
1.24586 0.704565
0.423231 0.293231 0
1.15684 0.6452
0.733018 0.603018 0
1.15305 0.661983
0.745128 0.615128 0
0.801045 0.675993
0.595245 0.465245 0
1.3594 1.19212
0.653291 0.523291 0
1.31095 1.19888
0.450539 0.320539 0
1.32012 1.04238
0.554631 0.424631 0
0.886199 0.624554
0.524967 0.394967 0
1.26581 1.21828
0.455763 0.325763 0
1.25886 0.656393
0.46896 0.33896 0
1.21162 0.663205
0.419422 0.289422 0
1.2442 0.80847
0.57741 0.44741 0
1.18365 1.49361
0.736839 0.606839 0
1.19651 1.50806
0.573919 0.443919 0
0.8521 0.580849
0.47029 0.34029 0
1.37722 1.10732
0.497171 0.367171 0
1.33405 1.03806
0.451918 0.321918 0
1.22628 0.754272
0.731297 0.601297 0
1.09465 1.48621
0.512882 0.382882 0
1.172 0.644614
0.757274 0.627274 0
1.17859 0.630577
0.711899 0.581899 0
1.13521 0.624704
0.618891 0.488891 0
1.13787 0.664975
0.682736 0.552736 0
1.32396 1.22432
0.444325 0.314325 0
1.10065 1.5287
0.777367 0.647367 0
1.25055 1.31216
0.693307 0.563307 0
1.26655 1.32007
0.694638 0.564638 0
1.20768 1.52154
0.560198 0.430198 0
1.24052 1.53771
0.603925 0.473925 0
1.22562 1.53578
0.404395 0.274395 0
1.20936 1.53863
0.449196 0.319196 0
1.27698 0.689382
0.452467 0.322467 0
1.28805 0.659619
0.400537 0.270537 0
1.27625 0.669593
0.569964 0.439964 0
1.02089 1.56424
0.558867 0.428867 0
1.34271 1.21053
0.486416 0.356416 0
1.37704 1.17677
0.663826 0.533826 0
0.927257 0.608492
0.723069 0.593069 0
1.26932 1.43292
0.755931 0.625931 0
1.27885 1.44587
0.670785 0.540785 0
0.999635 0.639635
0.750511 0.620511 0
1.29073 1.41248
0.444435 0.314435 0
1.2596 1.41521
0.74514 0.61514 0
0.822724 1.55048
0.750072 0.620072 0
1.15106 0.626521
0.650752 0.520752 0
0.985571 0.652538
0.692734 0.562734 0
1.35256 1.05222
0.663375 0.533375 0
1.31516 1.01531
0.675631 0.545631 0
1.35696 1.0287
0.42472 0.29472 0
1.26147 0.822291
0.54467 0.41467 0
1.28455 0.862206
0.508695 0.378695 0
1.27104 0.87923
0.568255 0.438255 0
1.28065 0.832307
0.764928 0.634928 0
1.11502 1.54386
0.558074 0.428074 0
1.20653 1.55383
0.501614 0.371614 0
1.24434 1.55437
0.684628 0.554628 0
1.25217 0.969099
0.746861 0.616861 0
1.27678 0.998491
0.569927 0.439927 0
1.20038 0.651223
0.540751 0.410751 0
1.19473 0.632433
0.500137 0.370137 0
0.951007 0.598649
0.630415 0.500415 0
1.02689 1.54817
0.742137 0.612137 0
1.2015 1.31966
0.715598 0.585598 0
1.31254 1.43837
0.620734 0.490734 0
1.30817 1.4132
0.574615 0.444615 0
1.27951 1.39949
0.467409 0.337409 0
1.25294 0.796646
0.638813 0.508813 0
1.28971 0.811089
0.635994 0.505994 0
1.29925 0.833885
0.728037 0.598037 0
1.28556 1.50206
0.747874 0.617874 0
1.2967 1.46309
0.760497 0.630497 0
1.26215 0.700842
0.626301 0.496301 0
0.952329 0.614485
0.757567 0.627567 0
1.26253 1.29773
0.658748 0.528748 0
1.23546 1.29784
0.627021 0.497021 0
1.24859 1.29062
0.636238 0.506238 0
1.25949 0.901169
0.678036 0.548036 0
1.36513 1.21553
0.709763 0.579763 0
1.32945 1.19015
0.446962 0.316962 0
1.33805 1.22466
0.627082 0.497082 0
1.32739 1.20522
0.644917 0.514917 0
1.35279 1.22882
0.516617 0.386617 0
1.27266 1.03807
0.52642 0.39642 0
1.24177 1.03286
0.420508 0.290508 0
1.27729 0.780814
0.773034 0.643034 0
1.24236 0.782446
0.795312 0.665312 0
1.27891 0.798848
0.536515 0.406515 0
1.2149 1.49564
0.546391 0.416391 0
1.19524 1.52864
0.643355 0.513355 0
1.26823 1.33865
0.691293 0.561293 0
1.23094 1.31701
0.775317 0.645317 0
1.26204 1.08238
0.706784 0.576784 0
1.07528 0.657423
0.760753 0.630753 0
1.36994 1.23072
0.456642 0.326642 0
1.38718 1.22621
0.586822 0.456822 0
1.38361 1.20255
0.769091 0.639091 0
1.24804 0.645756
0.424842 0.294842 0
1.24067 0.630655
0.487149 0.357149 0
1.26702 0.631235
0.499515 0.369515 0
1.27887 0.640393
0.600348 0.470348 0
1.30183 1.48891
0.676852 0.546852 0
1.37111 1.16355
0.732115 0.602115 0
0.967902 0.577522
0.44695 0.31695 0
0.970968 0.604055
0.455654 0.325654 0
1.29033 1.43254
0.784472 0.654472 0
1.38379 1.25047
0.68934 0.55934 0
1.24809 1.39479
0.632746 0.502746 0
1.2641 0.761707
0.632905 0.502905 0
1.25019 0.769868
0.52775 0.39775 0
1.08659 0.644948
0.797766 0.667766 0
1.25895 1.37839
0.602802 0.472802 0
1.27278 1.36729
0.506326 0.376326 0
1.22947 1.55922
0.748167 0.618167 0
1.25979 1.55562
0.64023 0.51023 0
1.01506 0.66766
0.686874 0.556874 0
1.27166 0.971595
0.45165 0.32165 0
1.26466 0.956302
0.423426 0.293426 0
1.24109 0.746903
0.768957 0.638957 0
1.2644 0.786308
0.57232 0.44232 0
1.38025 1.01409
0.775036 0.645036 0
1.36777 1.04065
0.73065 0.60065 0
1.26428 1.53293
0.766076 0.636076 0
1.25299 1.57403
0.772253 0.642253 0
1.27221 1.56591
0.758348 0.628348 0
1.28002 1.53339
0.760253 0.630253 0
1.31025 1.51142
0.751952 0.621952 0
1.29549 1.5174
0.550835 0.420835 0
1.27932 0.929666
0.733543 0.603543 0
1.13245 0.608422
0.543144 0.413144 0
1.13067 0.642297
0.553508 0.423508 0
1.11645 0.619165
0.468032 0.338032 0
1.28104 0.617017
0.6983 0.5683 0
1.25047 0.616974
0.453737 0.323737 0
1.29264 0.631662
0.54539 0.41539 0
1.12735 1.5591
0.706418 0.576418 0
1.11015 1.55944
0.785546 0.655546 0
1.09952 1.54347
0.651216 0.521216 0
1.28129 0.744525
0.776122 0.646122 0
1.25534 0.737968
0.542497 0.412497 0
1.36805 1.07721
0.699533 0.569533 0
1.28861 0.884215
0.421473 0.291473 0
1.27462 0.897584
0.79198 0.66198 0
1.27676 1.51641
0.525126 0.395126 0
1.28779 0.910207
0.630634 0.500634 0
1.3014 0.861189
0.682601 0.552601 0
1.18765 1.54343
0.771044 0.641044 0
1.30968 1.28857
0.72335 0.59335 0
1.30605 1.26857
0.761766 0.631766 0
1.31441 1.2429
0.715818 0.585818 0
1.24725 0.826165
0.779907 0.649907 0
1.28713 1.30704
0.606354 0.476354 0
1.29178 1.3755
0.678451 0.548451 0
1.30389 1.39851
0.784997 0.654997 0
1.29131 1.29022
0.76549 0.63549 0
1.30942 0.887369
0.717991 0.587991 0
1.29001 0.846368
0.595526 0.465526 0
1.30866 1.21926
0.506729 0.376729 0
1.19329 1.56722
0.494522 0.364522 0
1.22919 1.57328
0.508145 0.378145 0
1.28116 1.25369
0.512662 0.382662 0
1.1223 0.666866
0.633882 0.503882 0
1.28934 0.976288
0.453298 0.323298 0
1.28071 1.02408
0.483901 0.353901 0
1.13626 1.54192
0.411206 0.281206 0
1.14488 1.5197
0.514676 0.384676 0
1.37011 1.14066
0.519852 0.389852 0
1.40325 1.20932
0.6425 0.5125 0
1.34292 1.0176
0.405103 0.275103 0
1.37937 1.12984
0.490335 0.360335 0
1.40063 1.26731
0.621564 0.491564 0
1.40169 1.22366
0.548955 0.418955 0
1.37755 1.26937
0.758092 0.628092 0
1.31802 0.848843
0.693319 0.563319 0
1.31909 0.877148
0.590167 0.460167 0
0.801462 0.580709
0.620673 0.490673 0
0.804313 0.607354
0.679818 0.549818 0
1.28055 1.21187
0.708872 0.578872 0
1.31892 0.993731
0.627131 0.497131 0
1.35148 0.991438
0.78164 0.65164 0
1.3561 1.00697
0.613434 0.483434 0
1.39791 0.999042
0.762401 0.632401 0
1.39622 1.02285
0.79154 0.66154 0
1.38864 1.03855
0.448512 0.318512 0
1.37554 1.00034
0.527055 0.397055 0
0.97088 1.53447
0.495157 0.365157 0
1.33056 1.27763
0.523197 0.393197 0
1.31979 1.26472
0.411438 0.281438 0
1.23427 0.831508
0.521574 0.391574 0
1.42186 1.20641
0.790564 0.660564 0
1.41487 1.23981
0.613398 0.483398 0
1.39729 1.24399
0.571746 0.441746 0
1.30484 0.649365
0.667464 0.537464 0
1.3002 0.671696
0.713962 0.583962 0
1.31556 1.45499
0.635835 0.505835 0
1.33495 1.29215
0.499185 0.369185 0
1.35157 1.29813
0.782934 0.652934 0
1.21193 1.3426
0.628095 0.498095 0
1.28178 1.5541
0.65013 0.52013 0
1.39145 1.14606
0.771325 0.641325 0
1.39197 1.17098
0.666012 0.536012 0
0.799474 0.626202
0.746861 0.616861 0
1.27607 1.41707
0.590606 0.460606 0
1.17663 1.52777
0.457277 0.327277 0
1.1777 1.55351
0.693051 0.563051 0
1.29633 0.755606
0.589837 0.459837 0
1.26808 0.731205
0.552605 0.422605 0
1.29157 0.718132
0.708689 0.578689 0
1.14304 1.55708
0.496121 0.366121 0
1.00756 0.593586
0.600104 0.470104 0
1.32759 1.46953
0.589068 0.459068 0
1.12997 1.57445
0.620038 0.490038 0
0.853507 1.56462
0.431776 0.301776 0
1.17671 0.610574
0.587896 0.457896 0
1.20523 0.607179
0.429725 0.299725 0
1.3358 1.25651
0.521134 0.391134 0
1.31099 0.685606
0.753783 0.623783 0
1.32515 0.686041
0.662423 0.532423 0
1.31307 0.663249
0.535417 0.405417 0
1.25771 0.71883
0.464052 0.334052 0
1.31191 1.30567
0.40221 0.27221 0
1.32181 1.32607
0.514542 0.384542 0
1.29614 1.31926
0.500064 0.370064 0
1.32648 1.31273
0.66711 0.53711 0
1.40883 1.13457
0.721494 0.591494 0
0.830935 1.5728
0.712778 0.582778 0
1.29658 0.594454
0.612934 0.482934 0
1.30542 0.610654
0.478433 0.348433 0
1.34831 1.49435
0.419788 0.289788 0
1.33322 1.45655
0.674972 0.544972 0
1.40081 1.18887
0.593341 0.463341 0
1.28609 0.958026
0.621479 0.491479 0
1.3954 1.05771
0.682406 0.552406 0
1.3805 1.05507
0.578301 0.448301 0
1.39452 1.12292
0.510672 0.380672 0
1.34315 1.06774
0.485147 0.355147 0
1.30733 0.714304
0.751402 0.621402 0
1.27776 0.706093
0.670125 0.540125 0
1.12191 0.693308
0.702023 0.572023 0
1.42949 1.23286
0.420899 0.290899 0
1.41919 1.26172
0.484365 0.354365 0
1.16324 0.675269
0.441969 0.311969 0
1.22923 0.613745
0.499918 0.369918 0
1.26374 0.606228
0.409375 0.279375 0
1.33452 1.00271
0.604389 0.474389 0
1.33829 0.97048
0.729514 0.599514 0
1.30237 0.98305
0.582867 0.452867 0
1.35711 0.962208
0.659114 0.529114 0
1.31835 0.96724
0.754015 0.624015 0
1.33113 1.23896
0.400525 0.270525 0
1.25817 0.999338
0.760826 0.630826 0
1.29813 1.00805
0.699741 0.569741 0
1.15961 1.52298
0.465639 0.335639 0
1.16212 1.54995
0.694028 0.564028 0
1.21411 0.63439
0.408533 0.278533 0
1.02903 0.612052
0.532231 0.402231 0
1.0716 0.642728
0.760778 0.630778 0
1.06719 0.616893
0.472231 0.342231 0
1.04537 0.617478
0.558928 0.428928 0
1.31547 0.834244
0.798694 0.668694 0
1.37482 0.980152
0.69067 0.56067 0
1.33192 0.984314
0.648738 0.518738 0
1.28482 1.35197
0.469118 0.339118 0
1.32415 1.02648
0.734104 0.604104 0
1.32848 1.42184
0.530949 0.400949 0
0.98428 0.594377
0.654671 0.524671 0
1.30737 1.33451
0.471718 0.341718 0
1.14433 1.57445
0.462746 0.332746 0
1.15705 1.56653
0.742613 0.612613 0
1.31676 0.808896
0.405737 0.275737 0
1.32569 0.819899
0.723667 0.593667 0
1.41334 1.16369
0.40155 0.27155 0
1.18118 1.50794
0.411817 0.281817 0
1.35453 1.25111
0.632612 0.502612 0
1.35946 1.31709
0.465249 0.335249 0
1.35263 1.27319
0.732933 0.602933 0
1.29126 0.991635
0.681356 0.551356 0
0.947832 0.581497
0.636933 0.506933 0
1.16986 1.57444
0.601813 0.471813 0
1.09664 0.622367
0.509781 0.379781 0
1.31939 1.39414
0.485672 0.355672 0
1.33694 0.870627
0.735789 0.605789 0
1.3028 0.908736
0.620624 0.490624 0
1.32403 0.706526
0.554924 0.424924 0
1.34818 0.661783
0.502603 0.372603 0
1.34111 0.705121
0.456825 0.326825 0
1.34904 0.733001
0.655318 0.525318 0
1.1911 0.61145
0.517594 0.387594 0
1.24089 0.600241
0.633845 0.503845 0
1.3016 0.962009
0.546709 0.416709 0
1.279 1.38235
0.510611 0.380611 0
1.36423 1.48735
0.649495 0.519495 0
1.34283 1.47956
0.526872 0.396872 0
1.34198 1.51237
0.655379 0.525379 0
1.36038 1.52052
0.459584 0.329584 0
1.3634 1.50302
0.662789 0.532789 0
1.41726 1.22042
0.450819 0.320819 0
1.33275 0.832986
0.758507 0.628507 0
1.30427 0.818226
0.426185 0.296185 0
1.28262 1.5754
0.632759 0.502759 0
1.29543 1.5426
0.438624 0.308624 0
1.3607 1.4622
0.580804 0.450804 0
1.37857 1.51037
0.765319 0.635319 0
1.38379 1.46784
0.707395 0.577395 0
1.30316 0.797327
0.608283 0.478283 0
1.26577 0.804904
0.682662 0.552662 0
1.41825 1.18985
0.453114 0.323114 0
1.36747 1.06074
0.586517 0.456517 0
0.8142 0.623157
0.575286 0.445286 0
1.28123 1.32442
0.672396 0.542396 0
1.43575 1.19279
0.699973 0.569973 0
1.439 1.22053
0.733018 0.603018 0
1.4423 1.20539
0.469167 0.339167 0
1.25408 1.2639
0.60694 0.47694 0
1.20297 0.58007
0.598492 0.468492 0
1.19247 0.593065
0.678536 0.548536 0
1.30698 0.934843
0.666317 0.536317 0
1.3304 0.670126
0.643294 0.513294 0
0.96873 0.725043
0.419385 0.289385 0
1.41127 1.0614
0.786206 0.656206 0
1.34235 0.944054
0.751756 0.621756 0
1.37815 1.2976
0.603119 0.473119 0
1.36898 1.25253
0.767309 0.637309 0
1.31382 1.3548
0.432911 0.302911 0
1.41077 0.977662
0.422291 0.292291 0
1.41872 1.021
0.513334 0.383334 0
1.41201 0.995892
0.409375 0.279375 0
1.28416 0.730129
0.573663 0.443663 0
1.30843 0.783957
0.443666 0.313666 0
1.38195 1.06913
0.584796 0.454796 0
1.32586 1.49625
0.589019 0.459019 0
1.4591 1.18069
0.450331 0.320331 0
1.45122 1.22871
0.773962 0.643962 0
1.30785 1.37045
0.491873 0.361873 0
1.37014 1.28547
0.637202 0.507202 0
1.25085 1.52272
0.40763 0.27763 0
1.33821 1.33297
0.766027 0.636027 0
1.30018 1.34848
0.415259 0.285259 0
1.34309 1.3113
0.694101 0.564101 0
1.44194 1.24046
0.578411 0.448411 0
1.2953 0.702741
0.561272 0.431272 0
1.30241 0.728893
0.510587 0.380587 0
1.35254 0.819682
0.753197 0.623197 0
1.35148 0.851571
0.60119 0.47119 0
1.3278 0.859379
0.587408 0.457408 0
1.42975 0.994512
0.465273 0.335273 0
1.43835 0.969347
0.640632 0.510632 0
1.391 0.973681
0.531999 0.401999 0
1.3278 1.44214
0.672506 0.542506 0
1.32013 0.640631
0.606244 0.476244 0
1.36226 0.706912
0.54229 0.41229 0
1.35553 0.689732
0.513529 0.383529 0
1.40266 1.0754
0.488015 0.358015 0
1.33633 0.739531
0.620844 0.490844 0
1.37166 0.729842
0.690841 0.560841 0
1.36302 0.750036
0.563506 0.433506 0
1.32431 0.751903
0.433241 0.303241 0
1.26333 1.49507
0.553569 0.423569 0
1.35607 1.15662
0.625629 0.495629 0
1.37752 0.949941
0.445326 0.315326 0
1.33252 1.34919
0.673653 0.543653 0
1.07929 0.596691
0.541093 0.411093 0
1.11624 0.601075
0.637642 0.507642 0
1.27548 0.592685
0.583172 0.453172 0
1.28906 0.582114
0.645552 0.515552 0
1.42607 1.04575
0.748058 0.618058 0
1.41308 1.03481
0.612104 0.482104 0
1.42691 1.0084
0.784045 0.654045 0
1.35368 0.647352
0.73983 0.60983 0
1.37598 0.838557
0.766088 0.636088 0
1.22103 0.590561
0.481252 0.351252 0
1.30284 0.579656
0.529447 0.399447 0
1.39768 0.95986
0.476907 0.346907 0
1.24431 1.3787
0.738731 0.608731 0
1.35728 0.721353
0.699875 0.569875 0
1.39117 1.08653
0.799145 0.669145 0
1.39019 1.10089
0.485794 0.355794 0
1.37068 0.66806
0.674545 0.544545 0
1.27618 0.81594
0.55573 0.42573 0
1.11536 0.64443
0.789257 0.659257 0
1.42018 1.08662
0.599371 0.469371 0
1.29478 0.9454
0.611017 0.481017 0
1.32392 1.37918
0.728001 0.598001 0
1.30672 1.56108
0.68757 0.55757 0
1.3207 1.5336
0.57868 0.44868 0
1.37378 0.932796
0.491763 0.361763 0
1.40874 0.943375
0.705515 0.575515 0
1.34875 0.87903
0.668307 0.538307 0
1.06406 0.586814
0.578594 0.448594 0
1.09705 0.577323
0.419532 0.289532 0
1.38119 0.680593
0.677963 0.547963 0
1.2967 1.20722
0.468911 0.338911 0
1.36043 1.44057
0.667428 0.537428 0
1.38033 1.45367
0.547404 0.417404 0
1.34452 1.44491
0.512015 0.382015 0
1.3621 0.942623
0.511429 0.381429 0
1.38877 0.93054
0.512894 0.382894 0
1.35193 0.912555
0.470888 0.340888 0
1.398 0.909628
0.625251 0.495251 0
1.33014 0.953066
0.530827 0.400827 0
1.32644 0.922197
0.546977 0.416977 0
1.3 0.771433
0.583233 0.453233 0
1.32715 0.895367
0.570159 0.440159 0
1.44406 0.998901
0.672909 0.542909 0
1.44042 0.984934
0.522306 0.392306 0
1.45476 0.985704
0.456508 0.326508 0
1.33435 0.803403
0.540886 0.410886 0
1.39696 0.855367
0.624262 0.494262 0
1.37658 0.816254
0.772265 0.642265 0
1.39589 0.822114
0.71102 0.58102 0
1.28117 1.4697
0.414978 0.284978 0
1.28708 1.48627
0.536699 0.406699 0
1.26808 1.01116
0.487661 0.357661 0
1.27087 0.917103
0.635444 0.505444 0
1.26159 0.935903
0.743028 0.613028 0
1.31503 0.766374
0.508805 0.378805 0
1.34481 0.769409
0.722275 0.592275 0
1.43269 0.927017
0.420301 0.290301 0
1.35491 1.41917
0.698166 0.568166 0
1.38449 1.42051
0.786877 0.656877 0
1.43628 1.16391
0.439674 0.309674 0
1.48582 1.20562
0.667196 0.537196 0
1.44533 1.1757
0.598505 0.468505 0
1.3586 1.34154
0.64803 0.51803 0
1.32806 0.725435
0.514164 0.384164 0
1.33822 0.753536
0.436244 0.306244 0
1.41423 0.844579
0.414563 0.284563 0
1.39702 0.802412
0.527799 0.397799 0
1.41521 0.81777
0.797949 0.667949 0
1.34509 0.630669
0.494485 0.364485 0
1.32362 0.620938
0.67441 0.54441 0
1.32795 0.653656
0.554753 0.424753 0
1.37264 1.43289
0.767284 0.637284 0
1.39769 1.42931
0.627375 0.497375 0
1.37055 1.41767
0.778881 0.648881 0
1.39443 1.4077
0.454579 0.324579 0
1.33253 1.40751
0.460036 0.330036 0
1.37741 1.53129
0.47615 0.34615 0
1.37602 1.4953
0.73961 0.60961 0
1.34237 1.5349
0.786389 0.656389 0
1.27861 0.946182
0.617194 0.487194 0
1.3928 0.945342
0.763475 0.633475 0
1.36727 0.908973
0.55208 0.42208 0
1.33805 0.846713
0.473281 0.343281 0
1.41645 1.12052
0.740611 0.610611 0
1.40389 1.44367
0.76986 0.63986 0
1.47895 1.2221
0.41637 0.28637 0
1.36605 0.868259
0.590228 0.460228 0
1.38225 1.33902
0.779846 0.649846 0
1.34392 1.36235
0.523344 0.393344 0
1.37774 1.35272
0.418079 0.288079 0
1.34547 0.928179
0.571245 0.441245 0
1.32382 1.56551
0.760363 0.630363 0
1.32583 1.3637
0.765001 0.635001 0
1.35558 1.37484
0.481875 0.351875 0
1.35997 0.834542
0.798779 0.668779 0
1.4506 1.02027
0.465529 0.335529 0
1.29039 0.789489
0.752635 0.622635 0
0.988583 0.578041
0.410242 0.280242 0
1.3209 0.93663
0.537455 0.407455 0
1.28355 0.764728
0.685189 0.555189 0
1.16166 0.59972
0.565423 0.435423 0
1.30444 1.52954
0.419813 0.289813 0
1.37876 0.75099
0.775048 0.645048 0
1.38707 0.719879
0.542998 0.412998 0
1.34743 1.40121
0.771654 0.641654 0
1.35366 0.976611
0.787964 0.657964 0
1.36872 0.801325
0.532804 0.402804 0
1.39775 0.878629
0.415235 0.285235 0
1.38349 0.877786
0.522355 0.392355 0
1.4349 1.07623
0.621931 0.491931 0
1.33651 0.910548
0.607904 0.477904 0
1.04231 0.590048
0.55352 0.42352 0
1.37569 1.0923
0.533183 0.403183 0
1.36589 1.38532
0.763207 0.633207 0
1.30769 0.74622
0.510416 0.380416 0
1.38518 1.43918
0.523905 0.393905 0
1.37476 0.963689
0.41709 0.28709 0
1.34279 1.55057
0.43954 0.30954 0
1.37279 0.776039
0.557329 0.427329 0
1.41319 0.780219
0.774926 0.644926 0
1.42465 0.761779
0.430274 0.300274 0
1.39651 0.761477
0.677108 0.547108 0
1.2309 0.577088
0.485989 0.355989 0
1.25033 0.58799
0.646968 0.516968 0
1.32197 0.790384
0.693905 0.563905 0
1.2646 0.580408
0.485232 0.355232 0
1.40747 0.738288
0.549773 0.419773 0
1.38766 0.696966
0.535661 0.405661 0
1.34129 0.679268
0.7541 0.6241 0
1.3716 1.55181
0.42649 0.29649 0
1.39871 1.52787
0.458058 0.328058 0
1.38949 1.55232
0.521598 0.391598 0
1.40056 1.46875
0.542778 0.412778 0
1.39342 1.51221
0.784265 0.654265 0
1.41872 1.41598
0.523441 0.393441 0
1.44071 1.28297
0.77893 0.64893 0
1.40087 1.28574
0.401709 0.271709 0
1.35911 0.785378
0.540495 0.410495 0
1.31501 1.47891
0.778344 0.648344 0
1.34729 0.794484
0.475466 0.345466 0
1.4582 1.21386
0.432325 0.302325 0
1.4628 1.19718
0.77622 0.64622 0
1.38816 0.773973
0.423658 0.293658 0
1.35978 1.35927
0.476626 0.346626 0
1.38843 1.37885
0.4339 0.3039 0
1.32231 1.54942
0.707053 0.577053 0
1.39878 1.48292
0.572039 0.442039 0
1.37338 1.31874
0.565789 0.435789 0
1.386 1.31157
0.692477 0.562477 0
1.47008 1.0248
0.766564 0.636564 0
1.4584 1.00727
0.648091 0.518091 0
1.43324 0.839851
0.493521 0.363521 0
1.44026 0.819209
0.482998 0.352998 0
1.40195 0.834926
0.549528 0.419528 0
1.41255 0.867346
0.608148 0.478148 0
1.43955 0.862201
0.768358 0.638358 0
1.46405 0.96088
0.547368 0.417368 0
1.4174 0.959868
0.428175 0.298175 0
1.0815 0.620555
0.542131 0.412131 0
1.14943 1.5357
0.501236 0.371236 0
1.41793 0.883398
0.410645 0.280645 0
1.42343 1.2796
0.653243 0.523243 0
1.40271 1.30081
0.619794 0.489794 0
1.47846 0.986774
0.616633 0.486633 0
1.46307 0.939961
0.798157 0.668157 0
1.48731 0.957233
0.752965 0.622965 0
1.44548 0.94409
0.544194 0.414194 0
1.37359 1.36836
0.542351 0.412351 0
1.46702 0.974987
0.415687 0.285687 0
1.49858 0.969193
0.642036 0.512036 0
1.09957 1.57106
0.67452 0.54452 0
1.41189 1.38662
0.690854 0.560854 0
1.40498 1.36344
0.555779 0.425779 0
1.39651 1.32331
0.653352 0.523352 0
1.4289 1.39713
0.78103 0.65103 0
1.42582 1.3697
0.444447 0.314447 0
1.32644 1.51885
0.791931 0.661931 0
1.38556 0.89926
0.704819 0.574819 0
1.34351 0.893667
0.594562 0.464562 0
1.43705 1.11122
0.756981 0.626981 0
1.40743 1.10214
0.423829 0.293829 0
1.44048 1.08945
0.613898 0.483898 0
1.17724 1.35599
0.513004 0.383004 0
1.41818 1.29408
0.684213 0.554213 0
1.44907 1.26737
0.535905 0.405905 0
1.43664 1.30558
0.572198 0.442198 0
1.44839 0.736937
0.627277 0.497277 0
1.44335 0.774535
0.555864 0.425864 0
1.42287 1.52561
0.531352 0.401352 0
1.41694 1.50651
0.592853 0.462853 0
1.41664 1.5468
0.429469 0.299469 0
1.4517 0.920388
0.701413 0.571413 0
1.4218 0.912092
0.40481 0.27481 0
1.47259 1.18638
0.742955 0.612955 0
1.45629 1.16057
0.565349 0.435349 0
1.45716 0.826749
0.442274 0.312274 0
1.43186 0.807847
0.615595 0.485595 0
1.42243 1.31907
0.573687 0.443687 0
1.42201 1.34918
0.594024 0.464024 0
1.39567 1.34734
0.663057 0.533057 0
1.44437 1.51695
0.424244 0.294244 0
1.36049 0.896642
0.760656 0.630656 0
1.40054 1.49971
0.517106 0.387106 0
1.37938 0.856018
0.673971 0.543971 0
1.26589 1.39135
0.554912 0.424912 0
1.49971 1.00436
0.566717 0.436717 0
1.49499 0.987293
0.439857 0.309857 0
1.48142 1.00691
0.677401 0.547401 0
1.43421 1.25709
0.645991 0.515991 0
1.45363 1.03521
0.54019 0.41019 0
1.31883 0.596957
0.52692 0.39692 0
1.32172 0.580454
0.5507 0.4207 0
0.832949 0.577899
0.551518 0.421518 0
1.16347 0.583237
0.460573 0.330573 0
1.47121 0.925238
0.415052 0.285052 0
1.4973 1.23708
0.658003 0.528003 0
1.46129 1.24047
0.755895 0.625895 0
1.47855 1.17212
0.744407 0.614407 0
1.49564 1.17397
0.64543 0.51543 0
1.40136 0.707201
0.603363 0.473363 0
1.42417 0.701758
0.564312 0.434312 0
1.42444 0.686902
0.523869 0.393869 0
1.42184 0.727554
0.477895 0.347895 0
1.2159 1.32102
0.437843 0.307843 0
1.34941 1.57475
0.531608 0.401608 0
1.44168 1.04634
0.610541 0.480541 0
1.43409 0.888905
0.649873 0.519873 0
1.43743 1.41575
0.633015 0.503015 0
1.40968 1.40045
0.591717 0.461717 0
1.05354 0.601068
0.556694 0.426694 0
1.02081 0.600481
0.642183 0.512183 0
1.33564 0.786171
0.533317 0.403317 0
1.4958 1.15488
0.750511 0.620511 0
1.46839 0.841173
0.426893 0.296893 0
1.47158 0.814794
0.614447 0.484447 0
1.36139 1.40382
0.799927 0.669927 0
1.449 1.43452
0.604437 0.474437 0
1.44705 1.40267
0.492178 0.362178 0
1.42367 1.44134
0.772546 0.642546 0
1.4089 0.794437
0.758361 0.628361 0
1.41019 0.764972
0.547392 0.417392 0
1.42571 0.787117
0.659371 0.529371 0
1.41639 1.48025
0.730552 0.600552 0
1.42781 1.4559
0.562676 0.432676 0
1.15011 0.608764
0.528336 0.398336 0
1.3702 0.639596
0.448097 0.318097 0
1.29984 0.875399
0.429737 0.299737 0
1.38475 0.654986
0.688449 0.558449 0
1.33933 1.38796
0.42234 0.29234 0
1.33829 0.605391
0.52797 0.39797 0
1.43465 1.03134
0.777148 0.647148 0
1.46538 1.04669
0.667183 0.537183 0
1.4638 1.39206
0.677218 0.547218 0
1.45854 1.4181
0.628388 0.498388 0
1.48496 1.02923
0.766039 0.636039 0
1.38982 1.36228
0.774694 0.644694 0
1.38912 1.39348
0.49855 0.36855 0
1.4696 1.40618
0.43346 0.30346 0
1.45878 1.05945
0.441066 0.311066 0
1.44316 1.38425
0.585784 0.455784 0
1.36533 0.621719
0.635578 0.505578 0
1.48574 1.37653
0.67474 0.54474 0
1.46277 1.37723
0.470388 0.340388 0
1.39243 0.739078
0.507938 0.377938 0
1.29828 1.57413
0.430128 0.300128 0
1.14736 0.593944
0.633869 0.503869 0
1.12842 0.587635
0.487307 0.357307 0
1.43191 0.743389
0.606317 0.476317 0
1.44022 0.794618
0.591571 0.461571 0
1.4665 0.798669
0.468142 0.338142 0
1.43383 1.5689
0.563909 0.433909 0
1.46567 1.44688
0.432752 0.302752 0
1.42836 1.42676
0.55988 0.42988 0
1.45701 1.29181
0.571026 0.441026 0
1.41342 1.3315
0.779357 0.649357 0
1.46771 0.75202
0.571123 0.441123 0
1.4591 0.779219
0.719651 0.589651 0
1.44969 0.95995
0.780468 0.650468 0
1.11277 0.584708
0.445045 0.315045 0
1.48679 1.25005
0.411548 0.281548 0
1.49336 1.26426
0.727171 0.597171 0
1.45131 1.10346
0.447218 0.317218 0
1.45735 1.08076
0.749486 0.619486 0
1.47554 1.23946
0.466164 0.336164 0
1.49776 1.29097
0.613495 0.483495 0
1.47778 1.28975
0.576006 0.446006 0
1.40984 0.681179
0.784985 0.654985 0
1.31969 1.1395
0.538615 0.408615 0
1.35494 0.594756
0.725681 0.595681 0
1.40455 0.928146
0.651668 0.521668 0
1.48933 0.937959
0.719089 0.589089 0
1.25285 1.34835
0.460085 0.330085 0
1.46591 1.53848
0.768786 0.638786 0
1.45133 1.50417
0.563054 0.433054 0
1.43495 1.5019
0.472903 0.342903 0
1.43958 1.53145
0.704196 0.574196 0
1.39103 0.787875
0.411255 0.281255 0
1.33525 0.588445
0.637104 0.507104 0
1.36414 0.58316
0.468996 0.338996 0
1.49023 1.40429
0.793249 0.663249 0
1.49243 1.42782
0.515995 0.385995 0
1.44153 1.44657
0.595465 0.465465 0
1.36991 1.57202
0.411341 0.281341 0
1.39686 1.56775
0.408496 0.278496 0
1.39311 0.6298
0.659749 0.529749 0
1.39738 0.613954
0.446376 0.316376 0
1.46858 1.09874
0.659761 0.529761 0
1.43588 1.06164
0.716782 0.586782 0
1.44539 1.35947
0.403259 0.273259 0
1.48023 1.36068
0.524186 0.394186 0
1.46528 1.36285
0.561455 0.431455 0
1.4605 1.31341
0.42588 0.29588 0
1.44684 1.319
0.774755 0.644755 0
1.49476 0.835678
0.488968 0.358968 0
1.49501 0.810825
0.701987 0.571987 0
1.46022 1.25527
0.48168 0.35168 0
1.45866 1.14503
0.629121 0.499121 0
1.42412 1.14367
0.498868 0.368868 0
1.38611 1.28578
0.638362 0.508362 0
1.45714 1.33866
0.718796 0.588796 0
1.47295 0.71173
0.745482 0.615482 0
1.45961 0.722231
0.767589 0.637589 0
1.41496 0.609391
0.676632 0.546632 0
1.41207 0.62829
0.777905 0.647905 0
1.47653 1.26191
0.725401 0.595401 0
1.47406 1.07605
0.719431 0.589431 0
1.47983 1.05917
0.456447 0.326447 0
1.44192 0.901054
0.601862 0.471862 0
1.47729 1.15786
0.75454 0.62454 0
1.4999 1.37247
0.754686 0.624686 0
1.39566 0.671103
0.505325 0.375325 0
1.03381 0.576883
0.423292 0.293292 0
1.16503 0.622419
0.489944 0.359944 0
1.47866 1.5181
0.637532 0.507532 0
1.47008 1.48363
0.724705 0.594705 0
1.4536 0.868277
0.756017 0.626017 0
1.46403 0.88211
0.735752 0.605752 0
1.4544 0.854267
0.719102 0.589102 0
1.47774 0.890395
0.770727 0.640727 0
1.07666 0.579207
0.702841 0.572841 0
1.4239 0.666412
0.569512 0.439512 0
1.48016 1.34515
0.408252 0.278252 0
1.42777 0.631766
0.691964 0.561964 0
1.41177 0.586656
0.692477 0.562477 0
1.43453 0.591721
0.782006 0.652006 0
1.47549 0.909209
0.502518 0.372518 0
1.49884 0.922652
0.786718 0.656718 0
1.48998 0.90709
0.757567 0.627567 0
1.49968 1.22291
0.692563 0.562563 0
1.36718 0.606812
0.591607 0.461607 0
1.48452 0.747803
0.642293 0.512293 0
1.44737 1.12177
0.46686 0.33686 0
1.44922 0.75983
0.402979 0.272979 0
1.41455 0.751584
0.546147 0.416147 0
1.38736 0.601211
0.718857 0.588857 0
1.4657 1.12334
0.423658 0.293658 0
1.49418 0.886835
0.752013 0.622013 0
1.49763 0.871012
0.50408 0.37408 0
1.42352 1.10514
0.440272 0.310272 0
1.43839 1.33638
0.643245 0.513245 0
1.49844 1.19611
0.633088 0.503088 0
1.49065 0.724586
0.767174 0.637174 0
1.45389 0.689914
0.554595 0.424595 0
1.4968 0.6899
0.521586 0.391586 0
1.4299 0.615329
0.738108 0.608108 0
1.45166 1.48098
0.420215 0.290215 0
1.44157 1.46684
0.526347 0.396347 0
1.49842 1.49591
0.508182 0.378182 0
1.49581 1.51046
0.589154 0.459154 0
1.45677 1.52758
0.485379 0.355379 0
1.46591 1.51152
0.72363 0.59363 0
0.947688 0.701517
0.595062 0.465062 0
1.4899 1.0434
0.72125 0.59125 0
1.44673 1.54931
0.424183 0.294183 0
1.01567 0.577716
0.562041 0.432041 0
1.35767 0.675671
0.534843 0.404843 0
1.40806 0.661586
0.478286 0.348286 0
1.45557 0.667787
0.599713 0.469713 0
1.47393 0.669677
0.768212 0.638212 0
1.37102 0.693644
0.50015 0.37015 0
1.10186 0.606313
0.484744 0.354744 0
1.4406 1.14105
0.71135 0.58135 0
1.47838 0.852504
0.52537 0.39537 0
1.42874 0.651156
0.696994 0.566994 0
1.47908 1.55474
0.655733 0.525733 0
1.48172 0.784683
0.41482 0.28482 0
1.43894 0.719923
0.46343 0.33343 0
1.41441 1.56384
0.64438 0.51438 0
1.49578 0.652043
0.407678 0.277678 0
1.47894 0.691234
0.539787 0.409787 0
1.40606 0.723612
0.656124 0.526124 0
1.43786 0.697105
0.6331 0.5031 0
1.43827 0.677406
0.732591 0.602591 0
1.43061 0.952824
0.717637 0.587637 0
1.4135 1.42982
0.587591 0.457591 0
1.48452 1.4411
0.475698 0.345698 0
1.44374 0.637455
0.797705 0.667705 0
1.44884 0.650826
0.631904 0.501904 0
1.44794 0.6129
0.651143 0.521143 0
1.49988 1.35477
0.460427 0.330427 0
1.4742 1.42543
0.733738 0.603738 0
1.47166 0.737711
0.703928 0.573928 0
1.46909 0.768718
0.542436 0.412436 0
1.01601 0.618391
0.421632 0.291632 0
1.34338 1.42784
0.473782 0.343782 0
1.10191 0.635507
0.625983 0.495983 0
1.406 0.642574
0.509696 0.379696 0
1.4739 1.49727
0.639033 0.509033 0
1.35587 1.55736
0.705527 0.575527 0
1.35826 1.54011
0.754845 0.624845 0
1.3804 0.621511
0.423524 0.293524 0
1.47619 1.1361
0.47831 0.34831 0
1.4938 1.1319
0.599164 0.469164 0
1.46218 0.613899
0.777721 0.647721 0
1.46526 0.657231
0.62873 0.49873 0
1.4693 0.626646
0.48583 0.35583 0
1.48611 1.1156
0.773717 0.643717 0
1.48156 0.972472
0.663533 0.533533 0
1.4817 1.31921
0.740562 0.610562 0
1.46689 1.32673
0.649507 0.519507 0
1.48173 0.649119
0.564031 0.434031 0
1.30822 0.625929
0.711801 0.581801 0
1.46487 1.57173
0.748216 0.618216 0
1.48421 1.574
0.538749 0.408749 0
1.49939 1.55911
0.451161 0.321161 0
1.48412 1.5361
0.511637 0.381637 0
1.49888 1.10811
0.587628 0.457628 0
1.48304 1.08888
0.435731 0.305731 0
1.44 0.66341
0.718418 0.588418 0
1.37872 0.583401
0.423475 0.293475 0
1.49323 1.07034
0.546452 0.416452 0
1.45111 0.709552
0.770678 0.640678 0
1.19483 0.863463
0.795764 0.665764 0
1.48118 0.614646
0.595904 0.465904 0
1.49905 1.05742
0.663558 0.533558 0
0.869674 1.57394
0.573309 0.443309 0
1.49504 1.45224
0.754967 0.624967 0
1.45311 0.811297
0.730149 0.600149 0
1.46034 0.593066
0.685409 0.555409 0
1.49844 0.631106
0.653572 0.523572 0
1.49836 0.607622
0.61811 0.48811 0
1.46166 0.639054
0.404724 0.274724 0
1.47462 0.598198
0.742235 0.612235 0
1.48859 1.30167
0.623383 0.493383 0
1.46127 1.55481
0.541752 0.411752 0
1.43057 0.874334
0.772839 0.642839 0
1.4889 0.676156
0.705966 0.575966 0
1.44929 1.56489
0.672567 0.542567 0
1.49605 0.789481
0.739476 0.609476 0
1.49992 1.53341
0.644722 0.514722 0
1.49592 0.768539
0.792908 0.662908 0
1.37683 1.40099
0.411023 0.281023 0
1.43127 1.17771
0.605121 0.475121 0
1.48896 1.48235
0.567852 0.437852 0
1.40286 0.895911
0.573296 0.443296 0
1.46969 0.865027
0.489944 0.359944 0
1.34942 0.576789
0.699472 0.569472 0
1.49864 1.33391
0.717246 0.587246 0
1.4996 1.31296
0.550493 0.420493 0
1.43433 1.48784
0.514298 0.384298 0
1.46448 1.46988
0.662484 0.532484 0
1.48203 1.46187
0.608307 0.478307 0
1.43251 1.12759
0.672152 0.542152 0
1.48219 0.583622
0.559294 0.429294 0
1.45489 1.45869
0.713999 0.583999 0
1.45183 0.576401
0.445021 0.315021 0
1.46767 0.577757
0.735911 0.605911 0
1.499 0.592722
0.60329 0.47329 0
3.34431 3.95403
0 0.3 0.7
3.35166 3.97384
0 0.3 0.7
3.3676 3.93299
0 0.3 0.7
3.35372 3.9337
0 0.3 0.7
3.36622 3.97906
0 0.3 0.7
3.3592 3.95426
0 0.3 0.7
3.32377 3.97297
0 0.3 0.7
3.37552 3.95215
0 0.3 0.7
3.37605 3.91377
0 0.3 0.7
3.35874 3.89967
0 0.3 0.7
3.37986 3.97058
0 0.3 0.7
3.383 4.00162
0 0.3 0.7
3.34468 3.99376
0 0.3 0.7
3.32479 3.99228
0 0.3 0.7
3.3174 4.00538
0 0.3 0.7
3.3485 4.02013
0 0.3 0.7
3.33289 4.00649
0 0.3 0.7
3.3584 3.9987
0 0.3 0.7
3.33911 3.93779
0 0.3 0.7
3.38156 3.93515
0 0.3 0.7
3.34167 3.92122
0 0.3 0.7
3.32757 3.92786
0 0.3 0.7
3.31311 3.9115
0 0.3 0.7
3.39046 3.9127
0 0.3 0.7
3.31077 3.93279
0 0.3 0.7
3.29557 3.93713
0 0.3 0.7
3.33142 3.9041
0 0.3 0.7
3.39269 3.98543
0 0.3 0.7
3.3893 3.95746
0 0.3 0.7
3.31857 3.89706
0 0.3 0.7
3.29564 3.89995
0 0.3 0.7
3.36136 3.91754
0 0.3 0.7
3.369 4.01363
0 0.3 0.7
3.3809 4.02344
0 0.3 0.7
3.35485 4.04682
0 0.3 0.7
3.38855 4.04713
0 0.3 0.7
3.36494 4.03613
0 0.3 0.7
3.34673 4.03419
0 0.3 0.7
3.34086 4.0486
0 0.3 0.7
3.36181 4.05998
0 0.3 0.7
3.30521 3.9491
0 0.3 0.7
3.32525 4.02251
0 0.3 0.7
3.30921 4.0342
0 0.3 0.7
3.37452 4.07733
0 0.3 0.7
3.3466 4.075
0 0.3 0.7
3.30083 4.01377
0 0.3 0.7
3.31565 4.04774
0 0.3 0.7
3.32833 4.03991
0 0.3 0.7
3.32841 4.06297
0 0.3 0.7
3.35128 4.08957
0 0.3 0.7
3.29597 3.91691
0 0.3 0.7
3.30368 3.98762
0 0.3 0.7
3.32535 4.08521
0 0.3 0.7
3.3925 4.10037
0 0.3 0.7
3.37888 4.06093
0 0.3 0.7
3.37321 4.09304
0 0.3 0.7
3.30438 4.08356
0 0.3 0.7
3.30534 4.06774
0 0.3 0.7
3.39217 4.0861
0 0.3 0.7
3.30171 3.96287
0 0.3 0.7
3.29482 4.05153
0 0.3 0.7
3.46483 4.08621
0 0.3 0.7
3.46724 4.06053
0 0.3 0.7
3.44838 4.07365
0 0.3 0.7
3.4398 4.08612
0 0.3 0.7
3.46403 4.10154
0 0.3 0.7
3.41449 4.079
0 0.3 0.7
3.44627 4.1023
0 0.3 0.7
3.42066 4.06396
0 0.3 0.7
3.45104 4.05672
0 0.3 0.7
3.44186 4.03307
0 0.3 0.7
3.3947 4.07988
0 0.3 0.7
3.40349 4.05018
0 0.3 0.7
3.43699 4.04672
0 0.3 0.7
3.42509 4.02891
0 0.3 0.7
3.43577 4.06309
0 0.3 0.7
3.40095 4.09302
0 0.3 0.7
3.4267 4.09528
0 0.3 0.7
3.4612 4.04373
0 0.3 0.7
3.38845 4.1058
0 0.3 0.7
3.37943 4.08518
0 0.3 0.7
3.4603 4.02195
0 0.3 0.7
3.43975 4.01856
0 0.3 0.7
3.46823 4.00776
0 0.3 0.7
3.4507 4.00604
0 0.3 0.7
3.40989 4.02105
0 0.3 0.7
3.40307 4.1102
0 0.3 0.7
3.39365 4.00438
0 0.3 0.7
3.38796 4.02804
0 0.3 0.7
3.40739 3.99648
0 0.3 0.7
3.38042 4.06549
0 0.3 0.7
3.37517 4.0499
0 0.3 0.7
3.38149 4.01093
0 0.3 0.7
3.42627 4.00996
0 0.3 0.7
3.4603 3.98507
0 0.3 0.7
3.43184 3.98041
0 0.3 0.7
3.37275 4.03015
0 0.3 0.7
3.41721 3.98521
0 0.3 0.7
3.44046 3.99336
0 0.3 0.7
3.4491 3.96793
0 0.3 0.7
3.4232 3.96848
0 0.3 0.7
3.39762 3.97639
0 0.3 0.7
3.373 3.9968
0 0.3 0.7
3.38945 4.04676
0 0.3 0.7
3.39133 3.95361
0 0.3 0.7
3.41182 3.95585
0 0.3 0.7
3.42231 3.93892
0 0.3 0.7
3.39099 3.9269
0 0.3 0.7
3.40145 3.93945
0 0.3 0.7
3.38067 3.94217
0 0.3 0.7
3.41999 3.91416
0 0.3 0.7
3.39501 4.06339
0 0.3 0.7
3.41043 3.92664
0 0.3 0.7
3.39847 3.91321
0 0.3 0.7
3.43738 3.95224
0 0.3 0.7
3.37254 3.95774
0 0.3 0.7
3.37313 3.92135
0 0.3 0.7
3.45432 3.95327
0 0.3 0.7
3.43708 3.93333
0 0.3 0.7
3.38182 3.98117
0 0.3 0.7
3.45618 3.9298
0 0.3 0.7
3.43902 3.91464
0 0.3 0.7
3.46742 3.97074
0 0.3 0.7
3.46664 3.94711
0 0.3 0.7
3.38266 3.90869
0 0.3 0.7
3.46848 3.92279
0 0.3 0.7
